3296.719539 -289.050703 -4701.415129 8039.496672 -5632.252909 1050.261772 -343.964489 1195.119127 -1740.893917 1210.527814 -171.737557 -1439.014899 1009.393568 -549.038164 1377.271846 -1513.904275 571.716374 37.865694 401.894592 546.642935 -208.261758 173.188333 -578.629428 36.950293 104.427087 -144.675348 -162.487030 266.662443 12.534208 -109.205998 279.629207 -165.910916 96.749977 -16.737465 -94.766491 -85.907341 104.971616 75.423710 -84.524963 1.504240 -6.828096 -302.446776 841.869710 -486.282128 -433.876034 5.144565 7.881306 -20.335856 34.582015 -4.115839 -22.410256 -13.361605 23.365983 18.599439
-289.050703 127080.218434 -80266.932422 65097.584982 -42046.367260 -6722.398121 12606.675655 -1435.876092 12005.903988 -10471.370044 -8772.312333 5517.268948 -7859.299479 5479.678195 -4019.796561 -6098.252549 -2920.525961 -14708.792240 1665.022704 -5628.677128 1194.604755 -1107.239505 -2697.406339 2417.036501 -626.836509 7158.279357 55.078228 -3791.791058 3517.344647 100.809161 -813.754085 340.036073 3007.108604 -632.762644 1210.904653 563.916948 617.405359 -913.498210 182.427202 349.419412 -78.452697 1451.467760 -3169.176355 889.725497 1283.101984 -106.261218 -28.427011 8.577637 147.018371 -227.563532 561.548103 -497.161435 -309.430927 207.391480
-4701.415129 -80266.932422 219084.712041 -147734.018284 116574.183121 -14057.016422 13522.464465 -8699.427762 9543.793347 2306.122072 7862.678358 -1341.407159 7647.647787 -3588.552886 -1258.576842 15737.545234 1732.876729 10170.576621 -4872.281242 -3805.783918 1517.022346 -1757.428293 -3458.338013 -3353.988603 -76.020276 -4519.029977 814.918441 -761.992538 -1568.562927 679.769842 -2131.127059 -348.746449 -3672.506877 -666.072362 -489.463909 2092.855492 -1159.719689 -305.501543 -429.495317 307.099935 -131.624396 -135.148864 -135.902977 1112.908729 2002.784734 54.345835 -33.817725 28.096223 -262.406579 411.105737 -194.542919 -193.114396 97.514027 398.456488
8039.496672 65097.584982 -147734.018284 285990.928722 -108381.578311 1288.979452 -7351.106310 10539.240887 387.088948 6776.328552 -4147.595345 5632.205443 -1276.012875 -4279.861685 25735.898276 -28300.795963 22108.631441 -15482.132367 5814.549459 3320.660994 -739.277910 3154.202358 1284.204729 3815.514673 2211.147176 6899.016530 2076.446138 3885.514258 3425.226325 895.896254 3102.402811 1118.058867 4524.285591 1424.951054 1702.487822 -284.767747 136.945568 -626.470536 976.908015 131.696027 108.405142 673.234280 -146.852703 -1002.177791 -683.706817 -41.373388 -74.373525 35.639724 384.734659 -339.341531 612.189032 -543.160434 -419.821697 183.653122
-5632.252909 -42046.367260 116574.183121 -108381.578311 235955.577444 -27451.118712 31960.103914 -7421.338559 16173.766414 2002.334392 20869.395687 8698.585825 4310.139530 5735.790646 9729.295037 13011.809113 8402.125819 12211.954712 5487.358886 -1909.891254 6250.823533 2298.573489 -1274.193051 -1806.128089 4309.414894 -343.829558 -363.686928 2297.863340 57.430913 1881.109148 -1668.398769 2959.641985 -2952.842359 -740.212249 -430.030936 3456.142833 53.496782 -431.751074 238.225561 780.571991 -218.633586 -829.801467 960.140579 -114.707488 -514.947136 -24.258451 -83.543983 182.418935 -153.801356 310.190576 -456.806615 348.653882 539.850139 281.104887
1050.261772 -6722.398121 -14057.016422 1288.979452 -27451.118712 120858.841971 -33251.136098 24705.705607 -14510.853019 2798.332524 15580.264446 -12718.063262 12389.379441 13864.226145 -21963.432827 5459.735564 -4283.028737 -2714.810664 148.029058 1895.975148 -855.988503 -4448.357192 207.661835 -1026.172548 -1289.803340 -659.047731 -2896.487173 1520.376561 -2754.034952 -3112.074292 10.640312 -3557.693376 -1403.780363 -430.303641 -293.859114 -1307.397317 575.223343 1237.319905 701.705602 -808.406568 84.713054 -1881.803495 8049.897107 -4094.256651 -5862.556529 69.491258 163.688288 -123.018316 147.551396 -270.666080 -292.263640 459.642453 -93.043794 -307.625012
-343.964489 12606.675655 13522.464465 -7351.106310 31960.103914 -33251.136098 48880.278760 -12451.213498 11067.999799 1712.693127 -1454.792179 5412.349579 502.538904 -993.122633 12894.661350 -3576.932806 9406.224758 -48.795285 2000.218235 -154.328614 1321.672283 262.814453 -772.964521 1317.498687 1799.643780 813.312765 765.188726 -882.309484 2621.255405 553.883891 204.440744 924.320323 741.624025 223.215382 564.598522 1057.168358 -64.060137 -440.781288 246.447998 -496.759667 159.121844 207.102913 -1978.861127 1062.643594 1759.723534 9.316485 -37.564860 9.766185 31.485796 72.953504 185.168114 -306.428287 -5.342674 259.994547
1195.119127 -1435.876092 -8699.427762 10539.240887 -7421.338559 24705.705607 -12451.213498 18755.294246 -6742.391244 3032.059358 122.172004 -1061.872259 2578.219794 1181.106010 -1269.199538 -1118.431886 753.068202 -1275.560755 1583.904200 542.906042 -443.265660 -532.381456 -785.451922 763.056553 -1039.317068 206.522280 -1362.053756 938.266846 -838.316093 -802.632144 -152.508343 -530.992675 -971.026594 -1230.650355 37.987492 69.034409 0.979254 67.200171 95.789790 -347.896077 20.753426 -818.986769 3372.793928 -1599.518353 -2711.484305 5.664996 -8.074174 -8.409041 -17.730295 -48.713215 23.744354 63.810476 100.830775 -231.574317
-1740.893917 12005.903988 9543.793347 387.088948 16173.766414 -14510.853019 11067.999799 -6742.391244 19675.568923 -6420.105829 -361.847593 5506.237489 -5654.941589 1851.406165 4245.288086 202.539787 3818.764555 -2148.995712 391.780144 -812.901153 460.392325 843.879513 982.007400 -675.308750 840.042608 822.440308 1672.326146 -374.944997 889.503987 643.033486 158.322123 643.275745 1126.324857 20.243288 991.436393 1319.037698 -111.132732 -185.937780 313.430109 206.079922 45.091827 515.085189 -2307.147925 1316.187582 1762.384792 -11.659119 -32.119867 65.347129 -37.468427 -2.863909 251.266238 -274.119551 -62.624176 -58.658886
1210.527814 -10471.370044 2306.122072 6776.328552 2002.334392 2798.332524 1712.693127 3032.059358 -6420.105829 23370.423672 -3755.007893 -3203.594687 7109.845609 -2528.107564 416.373774 2316.434086 1522.121859 3542.919879 1675.539054 1489.356443 717.183156 259.902952 -1689.303921 1445.023349 207.160251 -1692.129821 116.936711 758.901011 75.850860 -131.922814 -215.291823 -477.951417 -1425.347200 -18.217854 -919.215545 -714.923201 -100.857198 149.059207 -166.805169 -119.723309 51.636085 -562.906809 2215.594727 -1216.188625 -1542.352965 42.630067 8.117539 -14.430587 -18.073942 3.907612 -253.389490 264.248894 -14.771231 -40.726646
-171.737557 -8772.312333 7862.678358 -4147.595345 20869.395687 15580.264446 -1454.792179 122.172004 -361.847593 -3755.007893 36266.417328 -11145.312198 7450.900195 6531.619578 -2177.281355 2146.900080 6577.695423 1274.849096 1832.916528 2705.795305 1322.704196 1767.281510 1352.962073 2167.690538 1876.568277 1706.507410 804.525051 102.566400 1644.575567 -1065.054021 213.410749 453.584100 336.225481 1679.541089 -729.013311 -1245.144395 218.763155 -139.436663 246.263800 845.494778 -311.232636 -172.988952 1737.239232 -1002.578244 -722.807241 11.855211 20.755509 -10.163169 51.482617 24.776032 -70.015024 45.873595 31.331892 409.738544
-1439.014899 5517.268948 -1341.407159 5632.205443 8698.585825 -12718.063262 5412.349579 -1061.872259 5506.237489 -3203.594687 -11145.312198 29229.255750 -16007.514136 5463.591929 -1036.298663 3308.123394 317.191771 3616.351182 361.368250 -761.257282 -608.379325 1606.446697 753.751040 391.625669 562.581622 550.410571 -5.302093 841.009824 66.468829 427.303183 542.206860 674.824910 725.108573 -363.215952 1110.323897 -358.622077 -253.406829 -270.246465 -356.613848 88.070654 47.867269 -283.201802 460.368662 215.878677 369.552557 2.239731 -66.753245 31.155223 66.721865 7.470287 172.919400 -175.673164 44.434761 7.280646
1009.393568 -7859.299479 7647.647787 -1276.012875 4310.139530 12389.379441 502.538904 2578.219794 -5654.941589 7109.845609 7450.900195 -16007.514136 25010.002034 -7844.684333 5388.856332 211.108986 2367.638107 -320.118984 1502.299428 487.699732 1221.935253 -2031.476240 421.599398 -1355.880779 -151.638022 -493.118140 -1535.078782 452.893310 -320.161712 -430.093708 -506.094559 -524.522394 -1835.833313 -601.473589 -1149.196184 326.613541 278.981864 467.276463 -3.676557 -511.878198 -31.270061 72.673445 -631.956583 46.819628 -539.732535 28.732274 14.106377 20.059781 -61.158936 58.587541 -284.446744 295.690622 58.424382 128.944968
-549.038164 5479.678195 -3588.552886 -4279.861685 5735.790646 13864.226145 -993.122633 1181.106010 1851.406165 -2528.107564 6531.619578 5463.591929 -7844.684333 21358.340801 -14413.808849 7675.003035 -158.042236 476.663837 1843.960720 1181.010087 1268.574656 378.107677 1592.076304 1645.959811 698.404028 1332.469458 1092.333136 357.042701 832.078618 -11.543228 335.722460 -24.954903 595.204520 -21.305241 232.763837 -548.898983 43.405064 -140.636143 446.111907 390.729437 -108.313619 -320.153249 1877.702268 -743.971681 -925.033632 12.790982 -23.719456 39.466491 66.066970 -55.551111 25.152394 -37.136164 53.676456 148.974022
1377.271846 -4019.796561 -1258.576842 25735.898276 9729.295037 -21963.432827 12894.661350 -1269.199538 4245.288086 416.373774 -2177.281355 -1036.298663 5388.856332 -14413.808849 34633.536100 -17745.545619 12618.242495 -1084.725654 1413.227804 -125.370931 -79.323258 322.654015 -1813.380591 566.676082 801.345629 -361.313865 269.636053 396.756277 646.497667 -461.533809 57.621428 1011.564748 74.278587 -801.041995 386.282307 825.195038 -268.653736 -437.140759 121.480071 -172.218000 99.018575 -79.911223 158.395699 -95.946866 277.463856 -21.384711 -9.680697 67.509533 -53.901198 9.021229 104.515455 -76.086356 -46.369815 -71.837910
-1513.904275 -6098.252549 15737.545234 -28300.795963 13011.809113 5459.735564 -3576.932806 -1118.431886 202.539787 2316.434086 2146.900080 3308.123394 211.108986 7675.003035 -17745.545619 33991.775979 -12000.950594 4803.809836 165.972860 484.512888 193.933713 1415.155633 2555.441681 -483.417748 -46.989471 -608.169698 -123.426228 1269.218046 -217.144287 681.743613 198.563626 -830.192339 -752.499646 374.108054 -1794.111725 10.041659 194.996248 646.038265 -161.551157 -258.040264 81.104287 387.176923 -1898.108962 847.361265 647.550037 58.021472 -27.946103 8.266023 -38.175913 38.689201 -192.475484 226.484696 53.514999 70.664815
571.716374 -2920.525961 1732.876729 22108.631441 8402.125819 -4283.028737 9406.224758 753.068202 3818.764555 1522.121859 6577.695423 317.191771 2367.638107 -158.042236 12618.242495 -12000.950594 29917.693799 -3494.479372 3339.610437 929.303774 1934.659430 1969.212700 -699.259847 2896.796713 2156.195241 708.649563 2149.320771 612.921939 1115.034450 -241.319004 406.759348 1180.488224 219.592586 371.631247 24.713549 902.944957 -88.885848 -166.687506 297.831150 189.191490 -60.376520 -142.194575 668.766768 -413.281403 171.734611 25.600754 -16.415480 40.102989 18.891136 5.092600 127.288535 -131.317438 -157.910314 243.353394
37.865694 -14708.792240 10170.576621 -15482.132367 12211.954712 -2714.810664 -48.795285 -1275.560755 -2148.995712 3542.919879 1274.849096 3616.351182 -320.118984 476.663837 -1084.725654 4803.809836 -3494.479372 17277.082929 -1081.003629 1285.176424 857.678661 2010.848670 1347.681822 334.986559 120.909531 -785.825696 434.086400 1307.689403 561.439830 718.158080 375.230748 751.108848 -762.108145 56.564558 -1496.283397 538.912960 35.728112 331.512344 -199.502238 42.695844 63.832743 26.950681 -12.622666 26.030500 256.300947 15.201176 -0.040780 27.579334 -78.125686 60.953906 -217.371772 227.901748 104.057834 -95.984940
401.894592 1665.022704 -4872.281242 5814.549459 5487.358886 148.029058 2000.218235 1583.904200 391.780144 1675.539054 1832.916528 361.368250 1502.299428 1843.960720 1413.227804 165.972860 3339.610437 -1081.003629 6787.104260 -151.766403 772.240522 665.432836 448.655430 136.549176 808.052785 186.285149 392.115276 837.667882 626.910612 -281.431402 353.856616 342.292304 -137.824607 100.982873 -171.360060 -344.412089 201.321109 -49.905098 123.783260 22.330136 -91.983638 -127.473391 184.156626 -144.310476 -384.420522 5.136449 -9.008346 24.716346 0.659523 19.854584 -30.774913 51.982718 24.505851 146.932490
546.642935 -5628.677128 -3805.783918 3320.660994 -1909.891254 1895.975148 -154.328614 542.906042 -812.901153 1489.356443 2705.795305 -761.257282 487.699732 1181.010087 -125.370931 484.512888 929.303774 1285.176424 -151.766403 4539.976733 -108.865374 812.097633 388.848449 1063.670673 393.629479 343.081938 574.436476 599.858676 420.805373 57.777829 142.376003 154.707834 252.045123 393.020479 -314.785369 42.237193 6.537974 113.652926 -18.871870 96.353110 -41.502706 -189.314791 990.145610 -503.208873 -425.627504 5.500519 10.950976 -21.336927 16.829364 12.654672 -52.849084 32.045131 -22.830288 56.220046
-208.261758 1194.604755 1517.022346 -739.277910 6250.823533 -855.988503 1321.672283 -443.265660 460.392325 717.183156 1322.704196 -608.379325 1221.935253 1268.574656 -79.323258 193.933713 1934.659430 857.678661 772.240522 -108.865374 4124.159356 350.510091 246.662587 268.684657 465.655216 119.497999 310.164457 379.557333 631.242613 492.427156 30.254742 382.818373 80.079887 -238.079072 -18.203090 82.621688 151.283040 -65.734677 126.548944 129.809974 -39.858582 28.285439 152.222810 -103.442298 -198.986556 1.208328 -0.907061 14.520319 19.761542 6.825875 -72.858661 84.338102 20.771361 47.122112
173.188333 -1107.239505 -1757.428293 3154.202358 2298.573489 -4448.357192 262.814453 -532.381456 843.879513 259.902952 1767.281510 1606.446697 -2031.476240 378.107677 322.654015 1415.155633 1969.212700 2010.848670 665.432836 812.097633 350.510091 5539.016203 -446.617365 1511.422997 559.257776 876.068468 1268.939748 491.005794 810.432957 555.905293 290.245826 760.865083 658.222803 910.071675 -75.149346 169.756966 -50.778740 53.312832 -102.303036 272.019086 -20.292647 9.499552 154.487208 -97.241821 240.598165 6.706529 -11.072463 32.887862 -28.763825 -4.299060 -15.708152 27.974238 -116.006617 6.887360
-578.629428 -2697.406339 -3458.338013 1284.204729 -1274.193051 207.661835 -772.964521 -785.451922 982.007400 -1689.303921 1352.962073 753.751040 421.599398 1592.076304 -1813.380591 2555.441681 -699.259847 1347.681822 448.655430 388.848449 246.662587 -446.617365 4606.635936 -803.303326 225.185309 165.740967 21.594747 472.154517 -261.177580 -214.649575 27.609589 -132.038134 74.528550 324.720535 -484.329312 266.162790 -71.509420 214.259706 18.457524 -21.109589 7.949569 243.377843 -853.488946 542.472216 511.863407 -8.186612 -19.186150 28.975854 -33.595368 35.663650 63.148213 -48.099993 11.038362 128.177638
36.950293 2417.036501 -3353.988603 3815.514673 -1806.128089 -1026.172548 1317.498687 763.056553 -675.308750 1445.023349 2167.690538 391.625669 -1355.880779 1645.959811 566.676082 -483.417748 2896.796713 334.986559 136.549176 1063.670673 268.684657 1511.422997 -803.303326 4008.793285 96.805388 733.178705 1132.539780 -106.522450 788.087162 471.004058 102.934533 380.293992 652.014712 97.981426 214.836982 -478.088035 -11.876066 -68.945014 -31.596550 240.883753 -25.093815 -34.554210 744.547109 -386.130971 -441.189374 9.910852 8.604951 -11.228453 8.638242 -33.591041 13.991300 -51.707192 -101.320590 0.424496
104.427087 -626.836509 -76.020276 2211.147176 4309.414894 -1289.803340 1799.643780 -1039.317068 840.042608 207.160251 1876.568277 562.581622 -151.638022 698.404028 801.345629 -46.989471 2156.195241 120.909531 808.052785 393.629479 465.655216 559.257776 225.185309 96.805388 3077.764128 -372.587117 334.763345 348.397518 417.856939 119.647086 219.166936 342.740785 23.710948 162.694206 -187.246392 -114.491715 33.057071 -25.391680 11.709290 77.861377 -43.608723 -46.502493 406.961367 -196.087877 -114.575567 11.882021 -11.676282 31.304717 -4.874897 15.553071 -26.182499 19.052539 34.165122 61.521923
-144.675348 7158.279357 -4519.029977 6899.016530 -343.829558 -659.047731 813.312765 206.522280 822.440308 -1692.129821 1706.507410 550.410571 -493.118140 1332.469458 -361.313865 -608.169698 708.649563 -785.825696 186.285149 343.081938 119.497999 876.068468 165.740967 733.178705 -372.587117 3747.800016 46.596804 -273.399672 507.081252 218.600349 63.715064 273.647529 815.379228 78.387894 600.251069 -28.105575 53.770515 -263.823219 180.955462 114.480480 -24.198927 60.317107 -193.271845 126.740269 114.694273 -14.143905 2.295699 4.200040 22.678917 -38.516442 77.376119 -93.817184 -23.819834 -9.526628
-162.487030 55.078228 814.918441 2076.446138 -363.686928 -2896.487173 765.188726 -1362.053756 1672.326146 116.936711 804.525051 -5.302093 -1535.078782 1092.333136 269.636053 -123.426228 2149.320771 434.086400 392.115276 574.436476 310.164457 1268.939748 21.594747 1132.539780 334.763345 46.596804 3794.071660 -640.182957 1055.184770 127.628663 14.786129 265.053707 187.945964 243.174816 119.558436 140.644295 -80.355871 71.242918 -6.716048 146.096334 0.151923 106.011166 -54.729293 -26.259493 207.296118 -1.317995 0.724093 -13.858364 3.434869 -7.371817 -6.385151 17.415086 -102.688149 81.666336
266.662443 -3791.791058 -761.992538 3885.514258 2297.863340 1520.376561 -882.309484 938.266846 -374.944997 758.901011 102.566400 841.009824 452.893310 357.042701 396.756277 1269.218046 612.921939 1307.689403 837.667882 599.858676 379.557333 491.005794 472.154517 -106.522450 348.397518 -273.399672 -640.182957 3215.642423 -803.056724 202.741972 206.187951 660.553951 -125.100788 153.297621 -259.014245 261.471113 63.642516 -3.318014 53.239111 10.544261 -7.400727 -168.544769 429.916527 -248.125495 -276.710776 2.736044 10.648188 -10.934183 9.263657 18.999621 -76.745790 76.760795 25.528158 -29.340261
12.534208 3517.344647 -1568.562927 3425.226325 57.430913 -2754.034952 2621.255405 -838.316093 889.503987 75.850860 1644.575567 66.468829 -320.161712 832.078618 646.497667 -217.144287 1115.034450 561.439830 626.910612 420.805373 631.242613 810.432957 -261.177580 788.087162 417.856939 507.081252 1055.184770 -803.056724 3385.372911 160.111485 234.429606 289.641547 130.366864 147.035667 183.742135 -181.202262 76.877381 -10.885306 7.265331 186.387019 -4.001273 128.747752 -132.303182 -0.851547 64.706731 1.275452 4.864798 17.984400 2.804262 -28.524875 14.527011 -2.042742 -81.817505 75.975926
-109.205998 100.809161 679.769842 895.896254 1881.109148 -3112.074292 553.883891 -802.632144 643.033486 -131.922814 -1065.054021 427.303183 -430.093708 -11.543228 -461.533809 681.743613 -241.319004 718.158080 -281.431402 57.777829 492.427156 555.905293 -214.649575 471.004058 119.647086 218.600349 127.628663 202.741972 160.111485 1710.358841 -4.133219 309.100387 252.022461 39.580843 -98.758548 371.613416 12.304908 -0.112976 -13.318086 30.237106 26.568823 20.355897 -170.933815 116.547024 144.655398 2.241171 0.160708 5.588872 -3.422998 -13.473555 0.530485 -4.592392 -16.098762 22.038629
279.629207 -813.754085 -2131.127059 3102.402811 -1668.398769 10.640312 204.440744 -152.508343 158.322123 -215.291823 213.410749 542.206860 -506.094559 335.722460 57.621428 198.563626 406.759348 375.230748 353.856616 142.376003 30.254742 290.245826 27.609589 102.934533 219.166936 63.715064 14.786129 206.187951 234.429606 -4.133219 1316.803760 18.361335 13.541403 -33.626395 60.131967 -35.959731 8.600107 36.720397 -61.626767 -26.285694 2.446036 -76.848165 275.541796 -137.060268 -34.379611 6.810181 -1.199751 1.955534 -4.068085 -2.022029 -6.201758 0.635729 -2.385636 -32.006113
-165.910916 340.036073 -348.746449 1118.058867 2959.641985 -3557.693376 924.320323 -530.992675 643.275745 -477.951417 453.584100 674.824910 -524.522394 -24.954903 1011.564748 -830.192339 1180.488224 751.108848 342.292304 154.707834 382.818373 760.865083 -132.038134 380.293992 342.740785 273.647529 265.053707 660.553951 289.641547 309.100387 18.361335 1849.890512 65.547933 98.006294 26.839671 302.323398 17.931571 14.517422 -25.248378 125.073156 -4.534172 -34.838191 98.351636 -25.958866 91.308870 0.482364 4.773998 7.709286 -0.761840 27.979906 -22.244291 13.215574 -4.384717 24.100755
96.749977 3007.108604 -3672.506877 4524.285591 -2952.842359 -1403.780363 741.624025 -971.026594 1126.324857 -1425.347200 336.225481 725.108573 -1835.833313 595.204520 74.278587 -752.499646 219.592586 -762.108145 -137.824607 252.045123 80.079887 658.222803 74.528550 652.014712 23.710948 815.379228 187.945964 -125.100788 130.366864 252.022461 13.541403 65.547933 2176.671795 -103.085201 344.917378 -268.165412 -56.546690 -140.740476 124.835098 37.843253 1.679859 45.863818 -124.005959 40.970860 140.226501 -9.712241 -5.821759 9.780943 14.854431 -24.064950 66.145793 -80.648836 -53.067016 -11.171813
-16.737465 -632.762644 -666.072362 1424.951054 -740.212249 -430.303641 223.215382 -1230.650355 20.243288 -18.217854 1679.541089 -363.215952 -601.473589 -21.305241 -801.041995 374.108054 371.631247 56.564558 100.982873 393.020479 -238.079072 910.071675 324.720535 97.981426 162.694206 78.387894 243.174816 153.297621 147.035667 39.580843 -33.626395 98.006294 -103.085201 1381.642265 -294.868975 -37.145249 -3.673217 44.351059 -28.174043 119.224110 -29.248526 51.905010 15.043887 6.878811 85.627488 0.651772 -0.047146 7.361081 1.052431 21.973770 -14.999023 -8.826930 -42.846686 38.208348
-94.766491 1210.904653 -489.463909 1702.487822 -430.030936 -293.859114 564.598522 37.987492 991.436393 -919.215545 -729.013311 1110.323897 -1149.196184 232.763837 386.282307 -1794.111725 24.713549 -1496.283397 -171.360060 -314.785369 -18.203090 -75.149346 -484.329312 214.836982 -187.246392 600.251069 119.558436 -259.014245 183.742135 -98.758548 60.131967 26.839671 344.917378 -294.868975 1319.153214 -286.699975 -89.490197 -144.415793 130.623200 23.491084 -8.546523 -40.174440 -44.632300 80.321358 43.468026 -7.472348 7.824768 -3.731887 1.534108 -19.894691 43.379830 -46.016644 7.007600 -15.019607
-85.907341 563.916948 2092.855492 -284.767747 3456.142833 -1307.397317 1057.168358 69.034409 1319.037698 -714.923201 -1245.144395 -358.622077 326.613541 -548.898983 825.195038 10.041659 902.944957 538.912960 -344.412089 42.237193 82.621688 169.756966 266.162790 -478.088035 -114.491715 -28.105575 140.644295 261.471113 -181.202262 371.613416 -35.959731 302.323398 -268.165412 -37.145249 -286.699975 1615.258386 6.807228 -13.346473 -57.234739 -211.112145 41.385513 83.007239 -417.168249 200.528168 345.876754 -6.509985 -8.346359 -7.232344 3.582910 5.458501 15.186127 -22.576697 41.575284 -54.584791
104.971616 617.405359 -1159.719689 136.945568 53.496782 575.223343 -64.060137 0.979254 -111.132732 -100.857198 218.763155 -253.406829 278.981864 43.405064 -268.653736 194.996248 -88.885848 35.728112 201.321109 6.537974 151.283040 -50.778740 -71.509420 -11.876066 33.057071 53.770515 -80.355871 63.642516 76.877381 12.304908 8.600107 17.931571 -56.546690 -3.673217 -89.490197 6.807228 378.738931 37.255983 30.652407 -9.447681 -7.533088 19.805496 -118.115079 50.504420 47.963997 -0.560456 0.990861 3.308051 -3.220908 -0.207551 -3.883331 7.704068 10.914810 11.076086
75.423710 -913.498210 -305.501543 -626.470536 -431.751074 1237.319905 -440.781288 67.200171 -185.937780 149.059207 -139.436663 -270.246465 467.276463 -140.636143 -437.140759 646.038265 -166.687506 331.512344 -49.905098 113.652926 -65.734677 53.312832 214.259706 -68.945014 -25.391680 -263.823219 71.242918 -3.318014 -10.885306 -0.112976 36.720397 14.517422 -140.740476 44.351059 -144.415793 -13.346473 37.255983 346.660189 -219.299751 -45.498801 -1.360244 -7.511154 -94.739666 24.523749 64.655241 -0.950070 7.278031 -6.217954 5.981763 2.360289 -18.245999 31.983484 -18.320522 -3.952299
-84.524963 182.427202 -429.495317 976.908015 238.225561 701.705602 246.447998 95.789790 313.430109 -166.805169 246.263800 -356.613848 -3.676557 446.111907 121.480071 -161.551157 297.831150 -199.502238 123.783260 -18.871870 126.548944 -102.303036 18.457524 -31.596550 11.709290 180.955462 -6.716048 53.239111 7.265331 -13.318086 -61.626767 -25.248378 124.835098 -28.174043 130.623200 -57.234739 30.652407 -219.299751 619.657065 -13.624023 -1.478604 -4.517562 92.709363 -46.500942 -137.516164 1.930139 -4.253830 21.691695 2.519946 1.080337 8.108756 -14.665445 14.740686 16.692799
1.504240 349.419412 307.099935 131.696027 780.571991 -808.406568 -496.759667 -347.896077 206.079922 -119.723309 845.494778 88.070654 -511.878198 390.729437 -172.218000 -258.040264 189.191490 42.695844 22.330136 96.353110 129.809974 272.019086 -21.109589 240.883753 77.861377 114.480480 146.096334 10.544261 186.387019 30.237106 -26.285694 125.073156 37.843253 119.224110 23.491084 -211.112145 -9.447681 -45.498801 -13.624023 240.194212 -34.896751 72.811370 -52.700528 16.409484 47.713684 -0.797629 -1.394130 3.252500 -4.042122 9.558005 1.409059 -8.125758 -17.020598 34.214492
-6.828096 -78.452697 -131.624396 108.405142 -218.633586 84.713054 159.121844 20.753426 45.091827 51.636085 -311.232636 47.867269 -31.270061 -108.313619 99.018575 81.104287 -60.376520 63.832743 -91.983638 -41.502706 -39.858582 -20.292647 7.949569 -25.093815 -43.608723 -24.198927 0.151923 -7.400727 -4.001273 26.568823 2.446036 -4.534172 1.679859 -29.248526 -8.546523 41.385513 -7.533088 -1.360244 -1.478604 -34.896751 33.518061 -20.157043 30.216773 -6.984407 -7.309273 -0.464753 -0.273274 0.565282 -0.795782 -8.129771 3.912366 -3.085699 -1.223630 -12.143297
-302.446776 1451.467760 -135.148864 673.234280 -829.801467 -1881.803495 207.102913 -818.986769 515.085189 -562.906809 -172.988952 -283.201802 72.673445 -320.153249 -79.911223 387.176923 -142.194575 26.950681 -127.473391 -189.314791 28.285439 9.499552 243.377843 -34.554210 -46.502493 60.317107 106.011166 -168.544769 128.747752 20.355897 -76.848165 -34.838191 45.863818 51.905010 -40.174440 83.007239 19.805496 -7.511154 -4.517562 72.811370 -20.157043 317.875162 -778.772002 349.459882 403.973108 0.555785 -2.277656 0.507909 -6.389560 4.670614 16.927043 -21.447817 -17.532040 32.811743
841.869710 -3169.176355 -135.902977 -146.852703 960.140579 8049.897107 -1978.861127 3372.793928 -2307.147925 2215.594727 1737.239232 460.368662 -631.956583 1877.702268 158.395699 -1898.108962 668.766768 -12.622666 184.156626 990.145610 152.222810 154.487208 -853.488946 744.547109 406.961367 -193.271845 -54.729293 429.916527 -132.303182 -170.933815 275.541796 98.351636 -124.005959 15.043887 -44.632300 -417.168249 -118.115079 -94.739666 92.709363 -52.700528 30.216773 -778.772002 3809.188031 -1585.611451 -1849.917583 -5.181825 10.891251 -3.239473 18.809949 -27.464013 -73.225132 30.382377 37.950221 -90.686590
-486.282128 889.725497 1112.908729 -1002.177791 -114.707488 -4094.256651 1062.643594 -1599.518353 1316.187582 -1216.188625 -1002.578244 215.878677 46.819628 -743.971681 -95.946866 847.361265 -413.281403 26.030500 -144.310476 -503.208873 -103.442298 -97.241821 542.472216 -386.130971 -196.087877 126.740269 -26.259493 -248.125495 -0.851547 116.547024 -137.060268 -25.958866 40.970860 6.878811 80.321358 200.528168 50.504420 24.523749 -46.500942 16.409484 -6.984407 349.459882 -1585.611451 813.447243 896.436832 -0.133450 -7.886917 8.791665 -14.841969 16.378567 46.875513 -49.266307 -18.195149 36.564719
-433.876034 1283.101984 2002.784734 -683.706817 -514.947136 -5862.556529 1759.723534 -2711.484305 1762.384792 -1542.352965 -722.807241 369.552557 -539.732535 -925.033632 277.463856 647.550037 171.734611 256.300947 -384.420522 -425.627504 -198.986556 240.598165 511.863407 -441.189374 -114.575567 114.694273 207.296118 -276.710776 64.706731 144.655398 -34.379611 91.308870 140.226501 85.627488 43.468026 345.876754 47.963997 64.655241 -137.516164 47.713684 -7.309273 403.973108 -1849.917583 896.436832 1626.748368 -0.737904 -9.097711 9.269525 -14.610669 18.803248 67.074938 -77.244753 -47.077031 76.733123
5.144565 -106.261218 54.345835 -41.373388 -24.258451 69.491258 9.316485 5.664996 -11.659119 42.630067 11.855211 2.239731 28.732274 12.790982 -21.384711 58.021472 25.600754 15.201176 5.136449 5.500519 1.208328 6.706529 -8.186612 9.910852 11.882021 -14.143905 -1.317995 2.736044 1.275452 2.241171 6.810181 0.482364 -9.712241 0.651772 -7.472348 -6.509985 -0.560456 -0.950070 1.930139 -0.797629 -0.464753 0.555785 -5.181825 -0.133450 -0.737904 2.307809 -0.252448 1.379911 -0.311012 0.028192 -2.205619 2.678025 -0.426518 3.461086
7.881306 -28.427011 -33.817725 -74.373525 -83.543983 163.688288 -37.564860 -8.074174 -32.119867 8.117539 20.755509 -66.753245 14.106377 -23.719456 -9.680697 -27.946103 -16.415480 -0.040780 -9.008346 10.950976 -0.907061 -11.072463 -19.186150 8.604951 -11.676282 2.295699 0.724093 10.648188 4.864798 0.160708 -1.199751 4.773998 -5.821759 -0.047146 7.824768 -8.346359 0.990861 7.278031 -4.253830 -1.394130 -0.273274 -2.277656 10.891251 -7.886917 -9.097711 -0.252448 3.994611 -3.692878 0.864845 -0.697400 -2.398177 2.471750 0.189255 -3.465236
-20.335856 8.577637 28.096223 35.639724 182.418935 -123.018316 9.766185 -8.409041 65.347129 -14.430587 -10.163169 31.155223 20.059781 39.466491 67.509533 8.266023 40.102989 27.579334 24.716346 -21.336927 14.520319 32.887862 28.975854 -11.228453 31.304717 4.200040 -13.858364 -10.934183 17.984400 5.588872 1.955534 7.709286 9.780943 7.361081 -3.731887 -7.232344 3.308051 -6.217954 21.691695 3.252500 0.565282 0.507909 -3.239473 8.791665 9.269525 1.379911 -3.692878 22.258267 -3.755992 0.402812 4.685378 -4.726719 0.727165 6.300352
34.582015 147.018371 -262.406579 384.734659 -153.801356 147.551396 31.485796 -17.730295 -37.468427 -18.073942 51.482617 66.721865 -61.158936 66.066970 -53.901198 -38.175913 18.891136 -78.125686 0.659523 16.829364 19.761542 -28.763825 -33.595368 8.638242 -4.874897 22.678917 3.434869 9.263657 2.804262 -3.422998 -4.068085 -0.761840 14.854431 1.052431 1.534108 3.582910 -3.220908 5.981763 2.519946 -4.042122 -0.795782 -6.389560 18.809949 -14.841969 -14.610669 -0.311012 0.864845 -3.755992 17.419338 -5.119560 0.442184 -0.382408 -2.996174 1.758386
-4.115839 -227.563532 411.105737 -339.341531 310.190576 -270.666080 72.953504 -48.713215 -2.863909 3.907612 24.776032 7.470287 58.587541 -55.551111 9.021229 38.689201 5.092600 60.953906 19.854584 12.654672 6.825875 -4.299060 35.663650 -33.591041 15.553071 -38.516442 -7.371817 18.999621 -28.524875 -13.473555 -2.022029 27.979906 -24.064950 21.973770 -19.894691 5.458501 -0.207551 2.360289 1.080337 9.558005 -8.129771 4.670614 -27.464013 16.378567 18.803248 0.028192 -0.697400 0.402812 -5.119560 24.922561 -10.426175 4.034888 3.597924 -0.389942
-22.410256 561.548103 -194.542919 612.189032 -456.806615 -292.263640 185.168114 23.744354 251.266238 -253.389490 -70.015024 172.919400 -284.446744 25.152394 104.515455 -192.475484 127.288535 -217.371772 -30.774913 -52.849084 -72.858661 -15.708152 63.148213 13.991300 -26.182499 77.376119 -6.385151 -76.745790 14.527011 0.530485 -6.201758 -22.244291 66.145793 -14.999023 43.379830 15.186127 -3.883331 -18.245999 8.108756 1.409059 3.912366 16.927043 -73.225132 46.875513 67.074938 -2.205619 -2.398177 4.685378 0.442184 -10.426175 58.644886 -39.696415 -11.177541 6.719499
-13.361605 -497.161435 -193.114396 -543.160434 348.653882 459.642453 -306.428287 63.810476 -274.119551 264.248894 45.873595 -175.673164 295.690622 -37.136164 -76.086356 226.484696 -131.317438 227.901748 51.982718 32.045131 84.338102 27.974238 -48.099993 -51.707192 19.052539 -93.817184 17.415086 76.760795 -2.042742 -4.592392 0.635729 13.215574 -80.648836 -8.826930 -46.016644 -22.576697 7.704068 31.983484 -14.665445 -8.125758 -3.085699 -21.447817 30.382377 -49.266307 -77.244753 2.678025 2.471750 -4.726719 -0.382408 4.034888 -39.696415 79.887815 2.017524 -1.587069
23.365983 -309.430927 97.514027 -419.821697 539.850139 -93.043794 -5.342674 100.830775 -62.624176 -14.771231 31.331892 44.434761 58.424382 53.676456 -46.369815 53.514999 -157.910314 104.057834 24.505851 -22.830288 20.771361 -116.006617 11.038362 -101.320590 34.165122 -23.819834 -102.688149 25.528158 -81.817505 -16.098762 -2.385636 -4.384717 -53.067016 -42.846686 7.007600 41.575284 10.914810 -18.320522 14.740686 -17.020598 -1.223630 -17.532040 37.950221 -18.195149 -47.077031 -0.426518 0.189255 0.727165 -2.996174 3.597924 -11.177541 2.017524 56.659747 -8.106337
18.599439 207.391480 398.456488 183.653122 281.104887 -307.625012 259.994547 -231.574317 -58.658886 -40.726646 409.738544 7.280646 128.944968 148.974022 -71.837910 70.664815 243.353394 -95.984940 146.932490 56.220046 47.122112 6.887360 128.177638 0.424496 61.521923 -9.526628 81.666336 -29.340261 75.975926 22.038629 -32.006113 24.100755 -11.171813 38.208348 -15.019607 -54.584791 11.076086 -3.952299 16.692799 34.214492 -12.143297 32.811743 -90.686590 36.564719 76.733123 3.461086 -3.465236 6.300352 1.758386 -0.389942 6.719499 -1.587069 -8.106337 183.226622
