3637.070480 -1965.359538 1150.140580 -674.560080 -603.353606 -1040.207380 -212.291846 -246.383403 251.447759 -382.041400 -285.727054 -146.662176 -26.995616 -868.220511 172.725711 -343.719567 -32.393735 -262.511415 -26.203768 -68.977496 -150.859714 -41.625902 37.310696 29.751676 -229.452217 89.513156 -5.074071 -188.307623 214.897310 -161.640227 -82.588267 -7.268770 -88.106922 7.169097 -32.061302 45.651412 -31.640089 -62.308317 -5.571916 -15.283948 21.077867 -22.957302 -57.579408 29.007619 25.137731 7.087544 1.194716 4.996380 -11.608668 15.956144 12.991161 -37.595465 0.020065 46.387622
-1965.359538 152146.078168 -40810.495323 25809.369471 -10769.519431 10455.133656 898.100066 -1956.714065 692.023878 1115.953946 4090.398909 199.735822 2599.128025 4030.764716 -3459.811298 5188.349402 -716.895163 283.372262 1756.893735 1453.659916 -1365.009242 908.646727 331.961654 -425.874595 877.263801 -638.421438 100.173800 -322.152619 56.597884 131.569584 994.098123 -509.349850 -743.648443 180.110739 -159.627869 552.336520 -665.029322 -153.762017 -23.750899 590.705664 -237.847416 456.476137 -1431.578146 712.355005 831.265965 17.268787 3.676736 9.893071 8.285345 4.509554 22.903178 -107.811697 -126.099169 -67.031035
1150.140580 -40810.495323 176169.970361 -80180.611465 37475.492530 -3391.714317 921.388994 807.951012 -249.669671 296.670584 1000.076038 1884.212938 -1207.377894 478.420632 775.797968 -1602.399460 143.242603 -255.861671 -1109.261128 -1461.015188 1624.641809 -222.475752 828.424666 -199.069639 -154.328089 475.440994 431.765208 624.485025 1000.359156 -572.882415 -126.857441 695.762548 -101.279988 -312.889698 493.545155 -55.120910 159.135667 -13.695457 -74.282823 -337.232164 125.178131 -444.350315 296.212139 -251.636888 -69.375042 -17.309818 -22.168769 -18.267182 86.624815 -120.596002 101.753403 130.474252 56.610882 211.907024
-674.560080 25809.369471 -80180.611465 251609.963503 -64475.824134 30473.395018 6889.966594 3442.607975 6743.748693 6609.594759 710.255918 8433.692441 1632.922061 3191.450995 3957.420091 7104.210118 1857.464446 572.247061 2726.734182 1546.115919 -36.161573 2882.528027 298.916150 1719.995863 598.270552 -44.643405 1599.453594 -215.149731 93.271134 823.737442 694.201404 358.607321 -772.624156 1042.406686 -848.560436 273.443482 -304.789059 -68.527711 291.316101 173.504649 -58.215850 405.125177 -1498.297914 775.653833 692.698536 4.122054 9.123081 29.562932 11.231820 32.978238 -167.578273 218.756409 -345.402208 118.205310
-603.353606 -10769.519431 37475.492530 -64475.824134 201376.800404 -31511.356333 7598.891374 6286.069147 2864.124711 3045.257780 6401.909650 4928.470241 4635.454170 4447.820833 -707.495867 3680.816572 -1042.633268 5400.773808 -499.282295 638.309524 1621.503512 24.475671 1141.136576 899.685570 1426.388586 1011.629523 943.488049 585.223782 1145.941162 128.309964 516.572316 437.597134 21.330282 681.018889 487.397057 450.609647 21.468100 284.907480 -22.971480 164.785284 -28.523897 -250.594572 1182.400329 -582.945950 -530.203289 -10.216906 17.378433 -70.459123 14.732932 -26.135556 73.487222 -25.673507 95.540514 129.199164
-1040.207380 10455.133656 -3391.714317 30473.395018 -31511.356333 126455.611478 -23305.109850 9845.512215 2758.822674 2888.672522 4661.891546 2404.181977 2135.021982 6323.625264 -191.426064 7610.234364 1104.682697 3870.157509 3242.317324 1510.793426 1488.659386 2821.435856 2061.150583 2113.721910 755.347946 1087.934779 452.264951 377.107929 406.467538 732.440772 1094.946846 1320.259497 -197.126029 181.790801 429.308665 128.644969 92.587052 207.770405 223.216989 -235.058641 -70.694368 234.131797 -1040.566929 344.156157 137.649111 -34.429835 15.298247 -69.165837 68.401011 -12.233012 -86.972059 105.049699 -67.806630 274.161949
-212.291846 898.100066 921.388994 6889.966594 7598.891374 -23305.109850 55523.531100 -9382.454327 4495.922780 2935.028128 2481.274655 4685.211416 1316.573871 1639.541829 1424.799220 3725.479408 2095.761468 6.689540 1732.859676 232.454227 929.688126 1520.189687 876.650747 707.066900 283.059064 825.535874 926.137895 1013.471276 677.793510 554.554057 -151.086221 -8.238694 -235.260707 13.109414 110.768591 355.266859 -168.626651 -133.466300 446.807774 -32.992548 18.772932 31.623914 -410.055905 285.578971 352.409963 27.649252 10.918005 65.963815 53.493316 -13.363011 -4.649982 37.753250 -83.306391 -100.815552
-246.383403 -1956.714065 807.951012 3442.607975 6286.069147 9845.512215 -9382.454327 24042.826388 -6267.038516 4794.348888 -514.944157 2560.337025 1065.556364 2235.547293 69.099164 2286.128487 487.342513 2209.988379 448.632281 535.249418 712.114809 681.729768 634.813048 711.555138 385.285204 441.580659 1087.383077 109.266627 -9.711090 174.607732 614.807013 180.273675 137.624723 186.182136 318.402201 137.581784 195.091515 36.981675 162.141777 -48.206351 20.985357 -54.639645 243.958695 -114.506613 -79.074598 -9.638282 -4.825151 24.798438 -11.194360 0.491578 -47.104922 18.054621 74.536544 6.365224
251.447759 692.023878 -249.669671 6743.748693 2864.124711 2758.822674 4495.922780 -6267.038516 20235.925551 -8116.174943 2261.226605 1583.596370 431.112194 1251.567613 701.776206 2016.778077 1267.084684 430.238537 984.524357 -130.823750 946.203311 196.201109 382.302196 518.422879 142.977192 -107.544898 414.824830 76.208498 218.238575 143.249471 -9.512937 -104.983482 -97.440550 126.969937 -179.034947 56.099401 -212.144966 33.069567 -95.275206 -47.575101 14.478530 -5.350607 107.685139 -43.312017 -39.075376 1.014079 4.182657 -12.373364 -32.326962 38.465656 -30.036894 46.352424 -61.604719 -13.902664
-382.041400 1115.953946 296.670584 6609.594759 3045.257780 2888.672522 2935.028128 4794.348888 -8116.174943 24896.667120 -8119.243992 4184.526065 2133.617008 1483.116907 1691.265503 368.121878 2541.752909 786.963498 1103.149883 699.849830 332.279753 1537.326164 749.466768 1024.031618 323.680184 1111.602811 88.605180 1132.004630 106.330367 460.709557 265.720645 588.291639 361.807041 312.556275 254.521269 408.919887 43.453399 -175.362801 228.668191 -138.308928 6.319692 -3.270165 -143.531468 51.986433 241.125363 12.807556 -5.730698 24.053534 21.648329 -20.113137 -10.199832 36.757441 1.840955 1.845242
-285.727054 4090.398909 1000.076038 710.255918 6401.909650 4661.891546 2481.274655 -514.944157 2261.226605 -8119.243992 30922.692734 -10264.662669 5619.126037 2589.237899 783.833509 4536.946645 670.185123 2544.585100 1634.523209 1106.082064 1114.763561 862.981692 1398.674023 34.034088 1053.338491 478.835541 1259.433393 -143.192521 834.786433 372.842884 556.038445 -226.886006 -26.563318 -147.881012 126.447654 -36.866908 175.915813 -111.429052 167.218087 -101.252692 -56.080969 55.980606 1.998252 -50.091257 63.634479 -17.668311 3.953956 50.097226 4.253404 -0.559956 12.302017 5.708770 -14.617579 38.816616
-146.662176 199.735822 1884.212938 8433.692441 4928.470241 2404.181977 4685.211416 2560.337025 1583.596370 4184.526065 -10264.662669 33745.970253 -12894.306653 4393.664254 1426.280951 2133.989882 2114.004005 838.538829 1025.741841 189.760447 902.853654 1859.274845 1267.753560 1193.888399 676.926740 777.254257 989.975118 538.754012 458.157426 600.731321 341.693524 582.529888 314.157031 228.167398 53.092266 520.442115 -184.754723 -41.856741 142.799767 54.087789 62.176149 34.270588 -327.396172 187.909042 42.458296 -3.577905 8.697980 -0.727481 4.396336 -4.137672 -83.333669 125.600435 -36.385120 -128.423781
-26.995616 2599.128025 -1207.377894 1632.922061 4635.454170 2135.021982 1316.573871 1065.556364 431.112194 2133.617008 5619.126037 -12894.306653 25794.280873 -7553.771218 8113.817615 -303.444259 2687.230784 2234.620858 1571.078645 1125.850820 984.965960 821.521212 754.085639 808.846924 872.146115 962.036909 267.988541 591.509312 467.320265 521.622449 520.084552 139.834337 -51.619097 483.132844 536.499768 -37.811434 36.688066 114.120279 -212.035053 -61.427060 -40.359344 3.719388 28.349304 -75.952101 -58.668672 -7.876186 -9.334994 -4.099157 17.669833 -26.074083 78.707055 -109.976975 38.412509 192.171550
-868.220511 4030.764716 478.420632 3191.450995 4447.820833 6323.625264 1639.541829 2235.547293 1251.567613 1483.116907 2589.237899 4393.664254 -7553.771218 25170.398976 -18090.240596 13825.021169 -2508.787338 2111.537989 899.046964 1249.073004 1067.169447 1315.519732 1128.628590 1009.564257 714.689144 1093.151947 976.995297 767.699806 474.490525 297.885972 789.015569 55.387378 621.605450 291.883738 207.596950 636.292424 -63.058140 -77.134862 215.808080 61.577526 -55.532855 12.357735 54.798777 20.572986 128.068545 -5.524644 10.567898 -2.902389 -0.907057 73.126469 -93.583367 86.034057 -38.018245 -97.981361
172.725711 -3459.811298 775.797968 3957.420091 -707.495867 -191.426064 1424.799220 69.099164 701.776206 1691.265503 783.833509 1426.280951 8113.817615 -18090.240596 40846.323783 -20597.988445 9453.645742 1995.949926 1246.285175 505.634145 277.387421 1573.221415 771.725509 585.596786 1074.571871 871.389962 878.678053 436.429897 402.453871 795.039135 31.800981 922.289569 -248.322030 412.700653 443.248332 57.198351 -77.143673 176.636467 -124.125125 -210.599247 117.723248 -110.506256 -15.350995 -70.454772 -233.068148 0.270850 2.579380 0.645654 2.899762 -54.708706 53.042262 -7.352429 43.368929 207.651700
-343.719567 5188.349402 -1602.399460 7104.210118 3680.816572 7610.234364 3725.479408 2286.128487 2016.778077 368.121878 4536.946645 2133.989882 -303.444259 13825.021169 -20597.988445 40149.743546 -9966.432486 3495.773725 2105.853268 1465.668193 1796.079330 2537.520421 1693.090005 1661.471544 894.925982 1376.963429 799.432956 588.786729 843.727983 532.394082 1224.545740 -398.473309 775.907391 444.963426 301.808463 503.353069 73.652527 -147.004785 118.319993 169.414987 -84.315014 118.810926 -248.121422 94.662962 119.107196 -3.541456 -2.191844 -25.714749 33.605611 46.089677 -52.284668 51.439673 -34.285240 -49.248557
-32.393735 -716.895163 143.242603 1857.464446 -1042.633268 1104.682697 2095.761468 487.342513 1267.084684 2541.752909 670.185123 2114.004005 2687.230784 -2508.787338 9453.645742 -9966.432486 23630.081056 -2899.400471 1755.777918 948.070148 1018.318742 870.898600 1072.941321 957.198419 699.056696 492.596556 1341.245233 607.712358 715.461200 851.107385 106.747485 735.980147 371.091261 -35.314857 179.137958 904.415118 6.631854 -93.646366 214.008069 -210.828938 67.883363 -158.223261 48.962999 -50.957181 -6.498647 -1.094706 -7.184868 16.558534 -24.545069 2.263765 38.991246 -28.766674 -18.393921 60.536567
-262.511415 283.372262 -255.861671 572.247061 5400.773808 3870.157509 6.689540 2209.988379 430.238537 786.963498 2544.585100 838.538829 2234.620858 2111.537989 1995.949926 3495.773725 -2899.400471 16524.513168 -819.646255 1337.969329 721.447492 2066.751919 1205.123381 1250.671135 1316.700065 1347.898394 941.216276 710.917727 672.922566 876.807027 821.130730 434.783749 389.897338 674.581501 640.311423 382.771892 7.568661 148.072790 -175.265676 1.834890 3.439565 -35.508218 135.853404 -53.108942 38.772521 -5.260032 10.159462 -13.682320 39.334813 -6.133948 -14.830965 -41.330377 42.855883 17.592278
-26.203768 1756.893735 -1109.261128 2726.734182 -499.282295 3242.317324 1732.859676 448.632281 984.524357 1103.149883 1634.523209 1025.741841 1571.078645 899.046964 1246.285175 2105.853268 1755.777918 -819.646255 7539.212577 -146.764394 1260.291558 1071.397913 1098.373454 988.744716 693.796261 944.483698 560.825631 739.355663 571.014921 517.563602 391.949365 385.477735 377.094975 380.487060 256.185351 171.004566 69.407089 -12.235104 -15.490599 -3.066800 -10.717871 16.654715 -299.601103 96.319132 159.360278 -4.628019 3.701893 -11.938112 -5.923323 -4.283764 3.956666 -5.214461 10.626470 -45.423906
-68.977496 1453.659916 -1461.015188 1546.115919 638.309524 1510.793426 232.454227 535.249418 -130.823750 699.849830 1106.082064 189.760447 1125.850820 1249.073004 505.634145 1465.668193 948.070148 1337.969329 -146.764394 5138.706223 -736.903754 1413.085556 742.093971 592.881549 746.751060 569.557828 707.516037 558.971955 586.172249 364.055322 420.518639 344.458065 546.563207 300.758921 300.905653 385.957038 -9.994075 -44.653488 42.243565 -98.948215 12.274941 29.884477 -140.119374 44.595490 21.555756 -1.162627 -0.827202 -4.019861 16.914456 6.718847 -1.722295 6.028720 24.203838 49.115424
-150.859714 -1365.009242 1624.641809 -36.161573 1621.503512 1488.659386 929.688126 712.114809 946.203311 332.279753 1114.763561 902.853654 984.965960 1067.169447 277.387421 1796.079330 1018.318742 721.447492 1260.291558 -736.903754 5255.353603 -290.226319 828.097957 696.386831 683.266958 746.609936 779.408208 493.868574 567.451596 546.690232 293.334287 465.218836 178.187547 284.529117 216.888245 369.720587 -23.851876 -15.807800 5.858285 -43.912460 25.804080 -94.216670 146.919984 -90.741284 -71.870687 0.106000 -2.321701 -3.169385 1.388242 -7.781158 -3.007744 47.180644 -21.470779 31.839175
-41.625902 908.646727 -222.475752 2882.528027 24.475671 2821.435856 1520.189687 681.729768 196.201109 1537.326164 862.981692 1859.274845 821.521212 1315.519732 1573.221415 2537.520421 870.898600 2066.751919 1071.397913 1413.085556 -290.226319 7416.878852 75.394275 1114.292653 955.410279 1161.285389 1045.731059 761.292189 825.694912 794.252462 907.111183 363.848043 575.242252 494.654259 449.012516 541.420141 -39.499541 -9.726462 -10.735814 -70.656260 0.768069 64.610326 -58.043276 39.506432 134.857158 -5.260285 5.938310 -34.183465 14.801592 14.550199 -13.585627 -1.906735 3.620167 7.347684
37.310696 331.961654 828.424666 298.916150 1141.136576 2061.150583 876.650747 634.813048 382.302196 749.466768 1398.674023 1267.753560 754.085639 1128.628590 771.725509 1693.090005 1072.941321 1205.123381 1098.373454 742.093971 828.097957 75.394275 5313.473849 77.958500 996.128894 820.276181 1045.803787 565.480358 643.302966 670.328440 518.169880 689.414056 434.126520 445.487128 399.927036 418.711100 107.075776 -71.027035 133.872849 -15.446753 -0.814552 44.515184 -143.215728 34.991376 -0.467936 -4.540413 -3.038165 6.658535 7.968250 -2.673014 -20.096579 20.832471 25.912154 26.818420
29.751676 -425.874595 -199.069639 1719.995863 899.685570 2113.721910 707.066900 711.555138 518.422879 1024.031618 34.034088 1193.888399 808.846924 1009.564257 585.596786 1661.471544 957.198419 1250.671135 988.744716 592.881549 696.386831 1114.292653 77.958500 4004.281376 -133.450773 1022.176424 625.027202 669.067261 613.147816 586.688938 530.529530 457.234536 427.887413 457.233204 295.545782 513.083652 9.725816 -3.631168 -6.616930 -89.969210 29.593285 -71.951873 105.801595 -52.272506 -37.004539 -1.484970 -0.938928 -7.656324 7.926286 10.177784 -12.556179 18.850132 16.537847 -20.654547
-229.452217 877.263801 -154.328089 598.270552 1426.388586 755.347946 283.059064 385.285204 142.977192 323.680184 1053.338491 676.926740 872.146115 714.689144 1074.571871 894.925982 699.056696 1316.700065 693.796261 746.751060 683.266958 955.410279 996.128894 -133.450773 3975.125681 13.285583 845.633034 513.205709 674.114568 524.180265 373.145462 434.498241 342.094598 549.508558 366.018228 512.036505 37.443586 48.401536 -13.509124 -19.654191 2.800767 0.475085 -30.536724 15.433800 37.252651 -2.498319 0.232487 -10.371560 8.898489 -2.866886 4.019615 10.809471 12.531112 21.908826
89.513156 -638.421438 475.440994 -44.643405 1011.629523 1087.934779 825.535874 441.580659 -107.544898 1111.602811 478.835541 777.254257 962.036909 1093.151947 871.389962 1376.963429 492.596556 1347.898394 944.483698 569.557828 746.609936 1161.285389 820.276181 1022.176424 13.285583 4403.828842 -20.503794 1114.618507 613.348131 602.340703 651.629784 463.256977 485.046776 367.856617 398.218854 542.778884 16.819913 -107.769840 73.103335 -45.819207 15.048419 -39.929263 -57.879160 35.563641 49.105891 -6.048531 -0.474850 -5.187426 7.305763 2.500965 1.355531 6.682520 3.588666 -11.884271
-5.074071 100.173800 431.765208 1599.453594 943.488049 452.264951 926.137895 1087.383077 414.824830 88.605180 1259.433393 989.975118 267.988541 976.995297 878.678053 799.432956 1341.245233 941.216276 560.825631 707.516037 779.408208 1045.731059 1045.803787 625.027202 845.633034 -20.503794 5020.816431 -498.841265 938.708245 544.185483 503.670811 602.246149 291.043361 516.004143 380.958716 527.543285 1.844521 -2.834657 3.408648 -38.200104 18.812546 -20.240269 30.969635 -44.086972 -20.332092 -6.516590 -5.683880 -2.834093 2.586007 1.487846 1.575462 15.842723 1.974885 -23.857686
-188.307623 -322.152619 624.485025 -215.149731 585.223782 377.107929 1013.471276 109.266627 76.208498 1132.004630 -143.192521 538.754012 591.509312 767.699806 436.429897 588.786729 607.712358 710.917727 739.355663 558.971955 493.868574 761.292189 565.480358 669.067261 513.205709 1114.618507 -498.841265 4147.389508 -438.433263 726.955434 376.004085 513.488259 438.558452 476.674051 285.249759 554.815288 51.816829 -132.859599 108.023484 -36.964315 -3.301233 23.802520 -118.893879 19.429721 86.996100 -4.754198 0.072712 0.286372 -9.271894 12.152993 -31.566064 36.652492 7.011617 30.463372
214.897310 56.597884 1000.359156 93.271134 1145.941162 406.467538 677.793510 -9.711090 218.238575 106.330367 834.786433 458.157426 467.320265 474.490525 402.453871 843.727983 715.461200 672.922566 571.014921 586.172249 567.451596 825.694912 643.302966 613.147816 674.114568 613.348131 938.708245 -438.433263 3396.216752 -65.932719 510.576927 496.608218 251.724515 334.601001 313.487159 429.732986 13.553090 8.982314 46.037672 -48.785416 15.879496 1.203223 61.072536 -7.884491 23.872688 0.871755 4.159393 -6.511000 11.585438 -7.076039 23.584803 -36.101825 -10.812045 -29.947912
-161.640227 131.569584 -572.882415 823.737442 128.309964 732.440772 554.554057 174.607732 143.249471 460.709557 372.842884 600.731321 521.622449 297.885972 795.039135 532.394082 851.107385 876.807027 517.563602 364.055322 546.690232 794.252462 670.328440 586.688938 524.180265 602.340703 544.185483 726.955434 -65.932719 2444.121440 -55.335995 479.050577 284.018837 361.417906 255.376378 272.216293 19.389680 -45.719197 54.367145 10.439528 14.737523 -12.946232 -84.170452 19.781243 74.823994 -4.505709 -6.519241 -2.189101 5.751822 -7.491491 -5.380435 15.802896 -0.412924 8.920444
-82.588267 994.098123 -126.857441 694.201404 516.572316 1094.946846 -151.086221 614.807013 -9.512937 265.720645 556.038445 341.693524 520.084552 789.015569 31.800981 1224.545740 106.747485 821.130730 391.949365 420.518639 293.334287 907.111183 518.169880 530.529530 373.145462 651.629784 503.670811 376.004085 510.576927 -55.335995 1980.131240 69.367812 251.085627 242.100463 190.407096 457.662627 1.494708 -0.601730 40.049378 -33.513496 13.400478 -4.833358 13.182419 -16.121546 -7.261848 -3.960683 2.517711 -10.115346 8.759057 -2.942740 -3.679667 -8.902554 13.180708 -8.138448
-7.268770 -509.349850 695.762548 358.607321 437.597134 1320.259497 -8.238694 180.273675 -104.983482 588.291639 -226.886006 582.529888 139.834337 55.387378 922.289569 -398.473309 735.980147 434.783749 385.477735 344.458065 465.218836 363.848043 689.414056 457.234536 434.498241 463.256977 602.246149 513.488259 496.608218 479.050577 69.367812 2348.030773 -73.493904 394.196509 247.231950 406.149761 72.316930 2.477118 12.974305 -33.575842 11.778331 -21.929711 -25.917381 -2.891210 10.704540 -1.225785 -0.894107 -6.777713 8.024187 -4.359324 -8.744671 13.380023 -5.020551 -25.179905
-88.106922 -743.648443 -101.279988 -772.624156 21.330282 -197.126029 -235.260707 137.624723 -97.440550 361.807041 -26.563318 314.157031 -51.619097 621.605450 -248.322030 775.907391 371.091261 389.897338 377.094975 546.563207 178.187547 575.242252 434.126520 427.887413 342.094598 485.046776 291.043361 438.558452 251.724515 284.018837 251.085627 -73.493904 2340.367409 74.043375 309.468977 346.233140 11.569166 -79.542697 34.764424 -16.977006 5.768121 6.620534 -24.601808 -4.674903 38.574273 0.569468 -3.627276 0.137002 -7.805449 -7.101077 10.080145 -10.610923 12.071928 31.892561
7.169097 180.110739 -312.889698 1042.406686 681.018889 181.790801 13.109414 186.182136 126.969937 312.556275 -147.881012 228.167398 483.132844 291.883738 412.700653 444.963426 -35.314857 674.581501 380.487060 300.758921 284.529117 494.654259 445.487128 457.233204 549.508558 367.856617 516.004143 476.674051 334.601001 361.417906 242.100463 394.196509 74.043375 1786.259896 42.783840 407.888453 8.265507 -21.437944 16.924245 -11.024281 5.756167 1.470849 -70.584831 18.650550 36.591085 -1.578615 -1.194216 -6.133223 3.692030 1.694776 -0.613620 -9.647290 0.042565 -11.452028
-32.061302 -159.627869 493.545155 -848.560436 487.397057 429.308665 110.768591 318.402201 -179.034947 254.521269 126.447654 53.092266 536.499768 207.596950 443.248332 301.808463 179.137958 640.311423 256.185351 300.905653 216.888245 449.012516 399.927036 295.545782 366.018228 398.218854 380.958716 285.249759 313.487159 255.376378 190.407096 247.231950 309.468977 42.783840 1528.207238 101.549015 13.367629 13.079428 19.787484 2.663975 -10.693616 -5.720699 23.517030 -29.238908 10.944777 -0.061612 4.255028 -8.643007 -0.293412 -1.528306 3.875239 6.905222 -1.464867 9.846463
45.651412 552.336520 -55.120910 273.443482 450.609647 128.644969 355.266859 137.581784 56.099401 408.919887 -36.866908 520.442115 -37.811434 636.292424 57.198351 503.353069 904.415118 382.771892 171.004566 385.957038 369.720587 541.420141 418.711100 513.083652 512.036505 542.778884 527.543285 554.815288 429.732986 272.216293 457.662627 406.149761 346.233140 407.888453 101.549015 2949.686304 -41.614881 -39.597409 51.754405 -9.405793 14.409508 -58.648947 118.722535 -48.010748 -19.867949 1.785764 -1.676599 -9.299253 9.928547 2.510725 -15.736194 16.415426 10.332995 -19.410545
-31.640089 -665.029322 159.135667 -304.789059 21.468100 92.587052 -168.626651 195.091515 -212.144966 43.453399 175.915813 -184.754723 36.688066 -63.058140 -77.143673 73.652527 6.631854 7.568661 69.407089 -9.994075 -23.851876 -39.499541 107.075776 9.725816 37.443586 16.819913 1.844521 51.816829 13.553090 19.389680 1.494708 72.316930 11.569166 8.265507 13.367629 -41.614881 389.106290 22.165276 9.871727 4.877539 -1.034897 7.526976 4.087840 -2.401511 -1.263512 -2.703742 2.760161 -3.809248 -2.933146 0.726094 -1.350262 -0.096415 -1.300258 5.205202
-62.308317 -153.762017 -13.695457 -68.527711 284.907480 207.770405 -133.466300 36.981675 33.069567 -175.362801 -111.429052 -41.856741 114.120279 -77.134862 176.636467 -147.004785 -93.646366 148.072790 -12.235104 -44.653488 -15.807800 -9.726462 -71.027035 -3.631168 48.401536 -107.769840 -2.834657 -132.859599 8.982314 -45.719197 -0.601730 2.477118 -79.542697 -21.437944 13.079428 -39.597409 22.165276 326.265397 -206.141278 -28.501254 3.827629 -3.486863 8.198555 1.645838 -22.731436 -0.036545 7.333557 -11.209967 4.475611 1.691438 2.198457 -12.613246 -1.674258 0.955150
-5.571916 -23.750899 -74.282823 291.316101 -22.971480 223.216989 446.807774 162.141777 -95.275206 228.668191 167.218087 142.799767 -212.035053 215.808080 -124.125125 118.319993 214.008069 -175.265676 -15.490599 42.243565 5.858285 -10.735814 133.872849 -6.616930 -13.509124 73.103335 3.408648 108.023484 46.037672 54.367145 40.049378 12.974305 34.764424 16.924245 19.787484 51.754405 9.871727 -206.141278 666.582842 2.099000 -5.060715 -8.863685 60.830032 -31.004983 3.049628 -1.170088 -3.021332 31.608629 -5.464496 -3.077295 -0.065360 4.235451 0.315907 -8.810205
-15.283948 590.705664 -337.232164 173.504649 164.785284 -235.058641 -32.992548 -48.206351 -47.575101 -138.308928 -101.252692 54.087789 -61.427060 61.577526 -210.599247 169.414987 -210.828938 1.834890 -3.066800 -98.948215 -43.912460 -70.656260 -15.446753 -89.969210 -19.654191 -45.819207 -38.200104 -36.964315 -48.785416 10.439528 -33.513496 -33.575842 -16.977006 -11.024281 2.663975 -9.405793 4.877539 -28.501254 2.099000 363.679322 -46.906490 21.298021 -44.472188 19.769017 13.901442 1.290124 -2.219786 0.386555 -10.891059 0.924036 1.411131 -2.664428 3.989040 -11.019787
21.077867 -237.847416 125.178131 -58.215850 -28.523897 -70.694368 18.772932 20.985357 14.478530 6.319692 -56.080969 62.176149 -40.359344 -55.532855 117.723248 -84.315014 67.883363 3.439565 -10.717871 12.274941 25.804080 0.768069 -0.814552 29.593285 2.800767 15.048419 18.812546 -3.301233 15.879496 14.737523 13.400478 11.778331 5.768121 5.756167 -10.693616 14.409508 -1.034897 3.827629 -5.060715 -46.906490 38.018131 -20.523715 26.954190 -7.043212 -7.190739 0.336746 0.120355 0.096958 -0.475138 -3.216104 2.502696 -0.958607 1.964258 1.682076
-22.957302 456.476137 -444.350315 405.125177 -250.594572 234.131797 31.623914 -54.639645 -5.350607 -3.270165 55.980606 34.270588 3.719388 12.357735 -110.506256 118.810926 -158.223261 -35.508218 16.654715 29.884477 -94.216670 64.610326 44.515184 -71.951873 0.475085 -39.929263 -20.240269 23.802520 1.203223 -12.946232 -4.833358 -21.929711 6.620534 1.470849 -5.720699 -58.648947 7.526976 -3.486863 -8.863685 21.298021 -20.523715 248.074239 -602.809588 232.842304 273.216151 0.768482 -1.364847 -1.076298 -2.373795 2.941249 -10.756356 16.321092 -12.762904 24.524448
-57.579408 -1431.578146 296.212139 -1498.297914 1182.400329 -1040.566929 -410.055905 243.958695 107.685139 -143.531468 1.998252 -327.396172 28.349304 54.798777 -15.350995 -248.121422 48.962999 135.853404 -299.601103 -140.119374 146.919984 -58.043276 -143.215728 105.801595 -30.536724 -57.879160 30.969635 -118.893879 61.072536 -84.170452 13.182419 -25.917381 -24.601808 -70.584831 23.517030 118.722535 4.087840 8.198555 60.830032 -44.472188 26.954190 -602.809588 3212.115865 -1203.253557 -1450.580450 -5.047187 9.171782 1.486575 6.901968 -3.315516 24.770518 -92.608522 66.984389 -117.083742
29.007619 712.355005 -251.636888 775.653833 -582.945950 344.156157 285.578971 -114.506613 -43.312017 51.986433 -50.091257 187.909042 -75.952101 20.572986 -70.454772 94.662962 -50.957181 -53.108942 96.319132 44.595490 -90.741284 39.506432 34.991376 -52.272506 15.433800 35.563641 -44.086972 19.429721 -7.884491 19.781243 -16.121546 -2.891210 -4.674903 18.650550 -29.238908 -48.010748 -2.401511 1.645838 -31.004983 19.769017 -7.043212 232.842304 -1203.253557 601.476063 703.159584 2.927675 -3.522180 -0.885073 -3.034100 0.507801 2.670359 10.131780 -21.694810 51.219182
25.137731 831.265965 -69.375042 692.698536 -530.203289 137.649111 352.409963 -79.074598 -39.075376 241.125363 63.634479 42.458296 -58.668672 128.068545 -233.068148 119.107196 -6.498647 38.772521 159.360278 21.555756 -71.870687 134.857158 -0.467936 -37.004539 37.252651 49.105891 -20.332092 86.996100 23.872688 74.823994 -7.261848 10.704540 38.574273 36.591085 10.944777 -19.867949 -1.263512 -22.731436 3.049628 13.901442 -7.190739 273.216151 -1450.580450 703.159584 1418.946000 4.681996 -4.929204 5.294584 -10.604900 -3.518303 6.397677 4.974814 -23.857106 61.963483
7.087544 17.268787 -17.309818 4.122054 -10.216906 -34.429835 27.649252 -9.638282 1.014079 12.807556 -17.668311 -3.577905 -7.876186 -5.524644 0.270850 -3.541456 -1.094706 -5.260032 -4.628019 -1.162627 0.106000 -5.260285 -4.540413 -1.484970 -2.498319 -6.048531 -6.516590 -4.754198 0.871755 -4.505709 -3.960683 -1.225785 0.569468 -1.578615 -0.061612 1.785764 -2.703742 -0.036545 -1.170088 1.290124 0.336746 0.768482 -5.047187 2.927675 4.681996 2.843808 -0.264272 0.834668 -0.410022 0.197967 0.634536 -0.410091 0.648798 0.220139
1.194716 3.676736 -22.168769 9.123081 17.378433 15.298247 10.918005 -4.825151 4.182657 -5.730698 3.953956 8.697980 -9.334994 10.567898 2.579380 -2.191844 -7.184868 10.159462 3.701893 -0.827202 -2.321701 5.938310 -3.038165 -0.938928 0.232487 -0.474850 -5.683880 0.072712 4.159393 -6.519241 2.517711 -0.894107 -3.627276 -1.194216 4.255028 -1.676599 2.760161 7.333557 -3.021332 -2.219786 0.120355 -1.364847 9.171782 -3.522180 -4.929204 -0.264272 4.359080 -3.902213 0.670529 0.068910 -0.757602 0.387032 -0.285347 -0.093631
4.996380 9.893071 -18.267182 29.562932 -70.459123 -69.165837 65.963815 24.798438 -12.373364 24.053534 50.097226 -0.727481 -4.099157 -2.902389 0.645654 -25.714749 16.558534 -13.682320 -11.938112 -4.019861 -3.169385 -34.183465 6.658535 -7.656324 -10.371560 -5.187426 -2.834093 0.286372 -6.511000 -2.189101 -10.115346 -6.777713 0.137002 -6.133223 -8.643007 -9.299253 -3.809248 -11.209967 31.608629 0.386555 0.096958 -1.076298 1.486575 -0.885073 5.294584 0.834668 -3.902213 24.438511 -5.472192 0.394143 0.570415 -0.928776 2.018678 -2.095776
-11.608668 8.285345 86.624815 11.231820 14.732932 68.401011 53.493316 -11.194360 -32.326962 21.648329 4.253404 4.396336 17.669833 -0.907057 2.899762 33.605611 -24.545069 39.334813 -5.923323 16.914456 1.388242 14.801592 7.968250 7.926286 8.898489 7.305763 2.586007 -9.271894 11.585438 5.751822 8.759057 8.024187 -7.805449 3.692030 -0.293412 9.928547 -2.933146 4.475611 -5.464496 -10.891059 -0.475138 -2.373795 6.901968 -3.034100 -10.604900 -0.410022 0.670529 -5.472192 22.294324 -5.138426 1.570973 0.955819 -2.320854 -0.658185
15.956144 4.509554 -120.596002 32.978238 -26.135556 -12.233012 -13.363011 0.491578 38.465656 -20.113137 -0.559956 -4.137672 -26.074083 73.126469 -54.708706 46.089677 2.263765 -6.133948 -4.283764 6.718847 -7.781158 14.550199 -2.673014 10.177784 -2.866886 2.500965 1.487846 12.152993 -7.076039 -7.491491 -2.942740 -4.359324 -7.101077 1.694776 -1.528306 2.510725 0.726094 1.691438 -3.077295 0.924036 -3.216104 2.941249 -3.315516 0.507801 -3.518303 0.197967 0.068910 0.394143 -5.138426 18.663114 -9.233285 4.413917 -0.683051 1.191571
12.991161 22.903178 101.753403 -167.578273 73.487222 -86.972059 -4.649982 -47.104922 -30.036894 -10.199832 12.302017 -83.333669 78.707055 -93.583367 53.042262 -52.284668 38.991246 -14.830965 3.956666 -1.722295 -3.007744 -13.585627 -20.096579 -12.556179 4.019615 1.355531 1.575462 -31.566064 23.584803 -5.380435 -3.679667 -8.744671 10.080145 -0.613620 3.875239 -15.736194 -1.350262 2.198457 -0.065360 1.411131 2.502696 -10.756356 24.770518 2.670359 6.397677 0.634536 -0.757602 0.570415 1.570973 -9.233285 46.553994 -29.856452 3.041073 -1.690453
-37.595465 -107.811697 130.474252 218.756409 -25.673507 105.049699 37.753250 18.054621 46.352424 36.757441 5.708770 125.600435 -109.976975 86.034057 -7.352429 51.439673 -28.766674 -41.330377 -5.214461 6.028720 47.180644 -1.906735 20.832471 18.850132 10.809471 6.682520 15.842723 36.652492 -36.101825 15.802896 -8.902554 13.380023 -10.610923 -9.647290 6.905222 16.415426 -0.096415 -12.613246 4.235451 -2.664428 -0.958607 16.321092 -92.608522 10.131780 4.974814 -0.410091 0.387032 -0.928776 0.955819 4.413917 -29.856452 81.060895 -13.349801 6.768729
0.020065 -126.099169 56.610882 -345.402208 95.540514 -67.806630 -83.306391 74.536544 -61.604719 1.840955 -14.617579 -36.385120 38.412509 -38.018245 43.368929 -34.285240 -18.393921 42.855883 10.626470 24.203838 -21.470779 3.620167 25.912154 16.537847 12.531112 3.588666 1.974885 7.011617 -10.812045 -0.412924 13.180708 -5.020551 12.071928 0.042565 -1.464867 10.332995 -1.300258 -1.674258 0.315907 3.989040 1.964258 -12.762904 66.984389 -21.694810 -23.857106 0.648798 -0.285347 2.018678 -2.320854 -0.683051 3.041073 -13.349801 54.004543 -21.559794
46.387622 -67.031035 211.907024 118.205310 129.199164 274.161949 -100.815552 6.365224 -13.902664 1.845242 38.816616 -128.423781 192.171550 -97.981361 207.651700 -49.248557 60.536567 17.592278 -45.423906 49.115424 31.839175 7.347684 26.818420 -20.654547 21.908826 -11.884271 -23.857686 30.463372 -29.947912 8.920444 -8.138448 -25.179905 31.892561 -11.452028 9.846463 -19.410545 5.205202 0.955150 -8.810205 -11.019787 1.682076 24.524448 -117.083742 51.219182 61.963483 0.220139 -0.093631 -2.095776 -0.658185 1.191571 -1.690453 6.768729 -21.559794 201.194088
