1.000000 -0.083548 0.045437 -0.022299 -0.022294 -0.048504 -0.014939 -0.026348 0.029310 -0.040148 -0.026942 -0.013238 -0.002787 -0.090742 0.014171 -0.028444 -0.003494 -0.033862 -0.005004 -0.015955 -0.034506 -0.008015 0.008487 0.007796 -0.060345 0.022366 -0.001187 -0.048485 0.061145 -0.054214 -0.030775 -0.002487 -0.030199 0.002813 -0.013599 0.013938 0.026597 -0.057199 -0.003579 0.013289 -0.056683 0.024169 0.016846 -0.019612 0.011065 0.069690 0.009488 0.016759 -0.040767 0.061244 0.031571 -0.069239 0.000045 0.054227
-0.083548 1.000000 -0.249273 0.131912 -0.061526 0.075375 0.009771 -0.032352 0.012472 0.018132 0.059634 0.002787 0.041489 0.065135 -0.043888 0.066383 -0.011956 0.005651 0.051874 0.051988 -0.048273 0.027049 0.011675 -0.017254 0.035672 -0.024664 0.003624 -0.012825 0.002490 0.006823 0.057273 -0.026948 -0.039409 0.010925 -0.010469 0.026073 0.086432 -0.021824 -0.002358 -0.079411 0.098895 -0.074301 0.064757 -0.074466 0.056575 0.026253 0.004515 0.005131 0.004499 0.002676 0.008606 -0.030699 -0.043991 -0.012115
0.045437 -0.249273 1.000000 -0.380837 0.198965 -0.022724 0.009316 0.012414 -0.004182 0.004480 0.013550 0.024437 -0.017911 0.007185 0.009145 -0.019053 0.002220 -0.004742 -0.030437 -0.048558 0.053394 -0.006155 0.027077 -0.007495 -0.005832 0.017069 0.014518 0.023103 0.040897 -0.027608 -0.006792 0.034209 -0.004988 -0.017638 0.030079 -0.002418 -0.019221 -0.001806 -0.006855 0.042131 -0.048369 0.067215 -0.012452 0.024446 -0.004388 -0.024455 -0.025298 -0.008804 0.043710 -0.066508 0.035531 0.034527 0.018353 0.035594
-0.022299 0.131912 -0.380837 1.000000 -0.286436 0.170839 0.058293 0.044262 0.094510 0.083510 0.008052 0.091526 0.020269 0.040103 0.039037 0.070682 0.024089 0.008875 0.062606 0.042998 -0.000994 0.066727 0.008175 0.054188 0.018917 -0.001341 0.045001 -0.006660 0.003191 0.033217 0.031101 0.014754 -0.031839 0.049170 -0.043274 0.010037 0.030804 -0.007563 0.022494 -0.018138 0.018823 -0.051278 0.052703 -0.063051 0.036660 0.004873 0.008711 0.011922 0.004742 0.015218 -0.048964 0.048439 -0.093701 0.016614
-0.022294 -0.061526 0.198965 -0.286436 1.000000 -0.197466 0.071863 0.090340 0.044867 0.043008 0.081127 0.059786 0.064317 0.062474 -0.007801 0.040935 -0.015115 0.093624 -0.012814 0.019843 0.049844 0.000633 0.034885 0.031683 0.050415 0.033970 0.029672 0.020250 0.043819 0.005784 0.025869 0.020124 0.000983 0.035907 0.027784 0.018489 -0.002425 0.035149 -0.001983 -0.019255 0.010309 0.035455 -0.046491 0.052968 -0.031366 -0.013501 0.018548 -0.031761 0.006953 -0.013481 0.024001 -0.006354 0.028971 0.020298
-0.048504 0.075375 -0.022724 0.170839 -0.197466 1.000000 -0.278127 0.178557 0.054537 0.051482 0.074551 0.036803 0.037383 0.112086 -0.002664 0.106804 0.020209 0.084663 0.105008 0.059266 0.057746 0.092128 0.079515 0.093933 0.033690 0.046102 0.017949 0.016467 0.019614 0.041662 0.069195 0.076619 -0.011459 0.012096 0.030882 0.006661 -0.013199 0.032347 0.024313 0.034662 0.032242 -0.041802 0.051630 -0.039462 0.010276 -0.057414 0.020605 -0.039345 0.040738 -0.007963 -0.035845 0.032811 -0.025947 0.054354
-0.014939 0.009771 0.009316 0.058293 0.071863 -0.278127 1.000000 -0.256794 0.134128 0.078941 0.059882 0.108238 0.034789 0.043857 0.029918 0.078905 0.057859 0.000221 0.084696 0.013762 0.054425 0.074912 0.051039 0.047420 0.019053 0.052794 0.055469 0.066786 0.049358 0.047604 -0.014409 -0.000722 -0.020638 0.001316 0.012025 0.027761 0.036279 -0.031358 0.073444 0.007342 -0.012921 -0.008521 0.030705 -0.049417 0.039703 0.069582 0.022193 0.056628 0.048080 -0.013127 -0.002892 0.017795 -0.048109 -0.030163
-0.026348 -0.032352 0.012414 0.044262 0.090340 0.178557 -0.256794 1.000000 -0.284124 0.195959 -0.018886 0.089886 0.042788 0.090875 0.002205 0.073581 0.020446 0.110875 0.033322 0.048154 0.063351 0.051052 0.056165 0.072519 0.039411 0.042914 0.098970 0.010942 -0.001075 0.022778 0.089104 0.023993 0.018347 0.028410 0.052528 0.016337 -0.063784 0.013204 0.040502 0.016302 -0.021950 0.022373 -0.027761 0.030111 -0.013538 -0.036860 -0.014905 0.032351 -0.015290 0.000734 -0.044524 0.012933 0.065413 0.002894
0.029310 0.012472 -0.004182 0.094510 0.044867 0.054537 0.134128 -0.284124 1.000000 -0.361592 0.090395 0.060600 0.018870 0.055456 0.024410 0.070755 0.057944 0.023528 0.079708 -0.012829 0.091753 0.016015 0.036869 0.057592 0.015942 -0.011392 0.041154 0.008319 0.026325 0.020369 -0.001503 -0.015230 -0.014159 0.021119 -0.032195 0.007261 0.075603 0.012870 -0.025941 0.017537 -0.016507 0.002388 -0.013357 0.012415 -0.007292 0.004227 0.014083 -0.017595 -0.048129 0.062592 -0.030947 0.036191 -0.058930 -0.006890
-0.040148 0.018132 0.004480 0.083510 0.043008 0.051482 0.078941 0.195959 -0.361592 1.000000 -0.292622 0.144366 0.084195 0.059246 0.053035 0.011643 0.104792 0.038799 0.080519 0.061874 0.029049 0.113132 0.065162 0.102561 0.032536 0.106161 0.007925 0.111401 0.011563 0.059060 0.037845 0.076943 0.047398 0.046869 0.041263 0.047718 -0.013961 -0.061529 0.056132 0.045964 -0.006496 0.001316 0.016050 -0.013434 0.040569 0.048133 -0.017396 0.030837 0.029057 -0.029506 -0.009474 0.025874 0.001588 0.000824
-0.026942 0.059634 0.013550 0.008052 0.081127 0.074551 0.059882 -0.018886 0.090395 -0.292622 1.000000 -0.317757 0.198961 0.092809 0.022055 0.128761 0.024793 0.112568 0.107051 0.087745 0.087447 0.056984 0.109116 0.003059 0.095007 0.041033 0.101076 -0.012644 0.081459 0.042887 0.071059 -0.026627 -0.003122 -0.019898 0.018394 -0.003860 -0.050714 -0.035081 0.036831 0.030193 0.051723 -0.020212 -0.000201 0.011615 0.009607 -0.059581 0.010770 0.057629 0.005123 -0.000737 0.010253 0.003606 -0.011312 0.015562
-0.013238 0.002787 0.024437 0.091526 0.059786 0.036803 0.108238 0.089886 0.060600 0.144366 -0.317757 1.000000 -0.437044 0.150755 0.038416 0.057975 0.074862 0.035510 0.064308 0.014410 0.067796 0.117523 0.094675 0.102705 0.058446 0.063758 0.076055 0.045540 0.042796 0.066147 0.041800 0.065442 0.035350 0.029388 0.007393 0.052164 0.050986 -0.012614 0.030109 -0.015439 -0.054893 -0.011845 0.031446 -0.041709 0.006136 -0.011550 0.022678 -0.000801 0.005069 -0.005214 -0.066486 0.075941 -0.026952 -0.049286
-0.002787 0.041489 -0.017911 0.020269 0.064317 0.037383 0.034789 0.042788 0.018870 0.084195 0.198961 -0.437044 1.000000 -0.296454 0.249970 -0.009429 0.108846 0.108238 0.112661 0.097790 0.084598 0.059395 0.064412 0.079587 0.086130 0.090264 0.023549 0.057189 0.049929 0.065695 0.072772 0.017968 -0.006644 0.071176 0.085451 -0.004335 -0.011581 0.039338 -0.051135 0.020056 0.040756 -0.001470 -0.003114 0.019283 -0.009698 -0.029081 -0.027839 -0.005163 0.023301 -0.037580 0.071825 -0.076056 0.032546 0.084357
-0.090742 0.065135 0.007185 0.040103 0.062474 0.112086 0.043857 0.090875 0.055456 0.059246 0.092809 0.150755 -0.296454 1.000000 -0.564187 0.434890 -0.102869 0.103536 0.065264 0.109829 0.092787 0.096281 0.097593 0.100560 0.071449 0.103829 0.086908 0.075138 0.051320 0.037979 0.111762 0.007205 0.080989 0.043530 0.033472 0.073845 0.020149 -0.026917 0.052686 -0.020353 0.056769 -0.004945 -0.006094 -0.005287 0.021430 -0.020649 0.031904 -0.003701 -0.001211 0.106693 -0.086452 0.060231 -0.032609 -0.043540
0.014171 -0.043888 0.009145 0.039037 -0.007801 -0.002664 0.029918 0.002205 0.024410 0.053035 0.022055 0.038416 0.249970 -0.564187 1.000000 -0.508636 0.304292 0.076826 0.071020 0.034901 0.018933 0.090386 0.052384 0.045789 0.084330 0.064971 0.061357 0.033531 0.034170 0.079570 0.003536 0.094176 -0.025398 0.048315 0.056102 0.005211 0.019350 0.048386 -0.023788 0.054641 -0.094469 0.034715 0.001340 0.014214 -0.030614 0.000795 0.006113 0.000646 0.003039 -0.062660 0.038465 -0.004041 0.029200 0.072435
-0.028444 0.066383 -0.019053 0.070682 0.040935 0.106804 0.078905 0.073581 0.070755 0.011643 0.128761 0.057975 -0.009429 0.434890 -0.508636 1.000000 -0.323568 0.135718 0.121039 0.102039 0.123647 0.147047 0.115918 0.131036 0.070839 0.103554 0.056306 0.045628 0.072254 0.053744 0.137337 -0.041040 0.080044 0.052542 0.038530 0.046253 -0.018634 -0.040617 0.022871 -0.044335 0.068245 -0.037646 0.021849 -0.019263 0.015780 -0.010481 -0.005239 -0.025960 0.035520 0.053244 -0.038243 0.028514 -0.023284 -0.017328
-0.003494 -0.011956 0.002220 0.024089 -0.015115 0.020209 0.057859 0.020446 0.057944 0.104792 0.024793 0.074862 0.108846 -0.102869 0.304292 -0.323568 1.000000 -0.146727 0.131545 0.086036 0.091380 0.065785 0.095753 0.098403 0.072128 0.048288 0.123137 0.061387 0.079865 0.111993 0.015606 0.098806 0.049901 -0.005436 0.029810 0.108330 -0.002187 -0.033727 0.053923 0.071918 -0.071620 0.065350 -0.005620 0.013516 -0.001122 -0.004223 -0.022387 0.021790 -0.033817 0.003409 0.037175 -0.020785 -0.016283 0.027764
-0.033862 0.005651 -0.004742 0.008875 0.093624 0.084663 0.000221 0.110875 0.023528 0.038799 0.112568 0.035510 0.108238 0.103536 0.076826 0.135718 -0.146727 1.000000 -0.073434 0.145196 0.077418 0.186687 0.128611 0.153750 0.162460 0.158007 0.103333 0.085875 0.089826 0.137968 0.143549 0.069800 0.062697 0.124165 0.127419 0.054826 -0.002985 0.063771 -0.052809 -0.000748 -0.004340 0.017538 -0.018647 0.016846 0.008007 -0.024265 0.037854 -0.021531 0.064806 -0.011045 -0.016909 -0.035711 0.045366 0.009648
-0.005004 0.051874 -0.030437 0.062606 -0.012814 0.105008 0.084696 0.033322 0.079708 0.080519 0.107051 0.064308 0.112661 0.065264 0.071020 0.121039 0.131545 -0.073434 1.000000 -0.023579 0.200220 0.143277 0.173539 0.179953 0.126734 0.163914 0.091154 0.132222 0.112846 0.120570 0.101443 0.091619 0.089773 0.103682 0.075474 0.036262 -0.040523 -0.007801 -0.006910 0.001852 0.020019 -0.012178 0.060881 -0.045231 0.048723 -0.031607 0.020420 -0.027812 -0.014448 -0.011420 0.006679 -0.006670 0.016654 -0.036882
-0.015955 0.051988 -0.048558 0.042998 0.019843 0.059266 0.013762 0.048154 -0.012829 0.061874 0.087745 0.014410 0.097790 0.109829 0.034901 0.102039 0.086036 0.145196 -0.023579 1.000000 -0.141802 0.228892 0.142018 0.130701 0.165224 0.119728 0.139291 0.121081 0.140314 0.102726 0.131829 0.099165 0.157606 0.099270 0.107377 0.099134 0.007068 -0.034486 0.022825 0.072381 -0.027771 -0.026468 0.034489 -0.025366 0.007983 -0.009618 -0.005527 -0.011343 0.049973 0.021696 -0.003521 0.009341 0.045945 0.048304
-0.034506 -0.048273 0.053394 -0.000994 0.049844 0.057746 0.054425 0.063351 0.091753 0.029049 0.087447 0.067796 0.084598 0.092787 0.018933 0.123647 0.091380 0.077418 0.200220 -0.141802 1.000000 -0.046486 0.156708 0.151805 0.149491 0.155195 0.151732 0.105785 0.134317 0.152538 0.090932 0.132436 0.050808 0.092865 0.076532 0.093904 0.016680 -0.012072 0.003130 0.031763 -0.057729 0.082516 -0.035759 0.051038 -0.026319 0.000867 -0.015339 -0.008844 0.004056 -0.024846 -0.006081 0.072287 -0.040302 0.030964
-0.008015 0.027049 -0.006155 0.066727 0.000633 0.092128 0.074912 0.051052 0.016015 0.113132 0.056984 0.117523 0.059395 0.096281 0.090386 0.147047 0.065785 0.186687 0.143277 0.228892 -0.046486 1.000000 0.012010 0.204468 0.175956 0.203195 0.171365 0.137263 0.164517 0.186546 0.236703 0.087188 0.138070 0.135900 0.133370 0.115754 0.023251 -0.006253 -0.004828 0.043021 -0.001446 -0.047632 0.011892 -0.018705 0.041570 -0.036220 0.033026 -0.080291 0.036400 0.039108 -0.023120 -0.002459 0.005720 0.006015
0.008487 0.011675 0.027077 0.008175 0.034885 0.079515 0.051039 0.056165 0.036869 0.065162 0.109116 0.094675 0.064412 0.097593 0.052384 0.115918 0.095753 0.128611 0.173539 0.142018 0.156708 0.012010 1.000000 0.016901 0.216746 0.169573 0.202476 0.120459 0.151436 0.186010 0.159748 0.195182 0.123108 0.144602 0.140346 0.105764 -0.074468 -0.053945 0.071134 0.011112 0.001812 -0.038773 0.034666 -0.019573 -0.000170 -0.036937 -0.019963 0.018478 0.023151 -0.008488 -0.040407 0.031743 0.048373 0.025938
0.007796 -0.017254 -0.007495 0.054188 0.031683 0.093933 0.047420 0.072519 0.057592 0.102561 0.003059 0.102705 0.079587 0.100560 0.045789 0.131036 0.098403 0.153750 0.179953 0.130701 0.151805 0.204468 0.016901 1.000000 -0.033449 0.243416 0.139396 0.164180 0.166267 0.187536 0.188408 0.149116 0.139774 0.170963 0.119473 0.149292 -0.007792 -0.003177 -0.004050 0.074554 -0.075846 0.072192 -0.029501 0.033682 -0.015524 -0.013916 -0.007107 -0.024475 0.026528 0.037230 -0.029081 0.033086 0.035563 -0.023012
-0.060345 0.035672 -0.005832 0.018917 0.050415 0.033690 0.019053 0.039411 0.015942 0.032536 0.095007 0.058446 0.086130 0.071449 0.084330 0.070839 0.072128 0.162460 0.126734 0.165224 0.149491 0.175956 0.216746 -0.033449 1.000000 0.003175 0.189286 0.126395 0.183468 0.168168 0.133001 0.142220 0.112158 0.206218 0.148503 0.149533 -0.030107 0.042501 -0.008299 0.016346 -0.007205 -0.000478 0.008546 -0.009981 0.015686 -0.023498 0.001766 -0.033276 0.029891 -0.010526 0.009344 0.019042 0.027046 0.024498
0.022366 -0.024664 0.017069 -0.001341 0.033970 0.046102 0.052794 0.042914 -0.011392 0.106161 0.041033 0.063758 0.090264 0.103829 0.064971 0.103554 0.048288 0.158007 0.163914 0.119728 0.155195 0.203195 0.169573 0.243416 0.003175 1.000000 -0.004360 0.260810 0.158597 0.183597 0.220668 0.144064 0.151087 0.131157 0.153503 0.150598 -0.012849 -0.089908 0.042667 0.036205 -0.036777 0.038202 0.015389 -0.021852 0.019644 -0.054049 -0.003427 -0.015812 0.023316 0.008724 0.002994 0.011185 0.007359 -0.012626
-0.001187 0.003624 0.014518 0.045001 0.029672 0.017949 0.055469 0.098970 0.041154 0.007925 0.101076 0.076055 0.023549 0.086908 0.061357 0.056306 0.123137 0.103333 0.091154 0.139291 0.151732 0.171365 0.202476 0.139396 0.189286 -0.004360 1.000000 -0.109317 0.227324 0.155345 0.159740 0.175402 0.084904 0.172303 0.137531 0.137083 -0.001320 -0.002215 0.001863 0.028269 -0.043059 0.018136 -0.007712 0.025370 -0.007617 -0.054536 -0.038420 -0.008091 0.007729 0.004860 0.003259 0.024833 0.003793 -0.023737
-0.048485 -0.012825 0.023103 -0.006660 0.020250 0.016467 0.066786 0.010942 0.008319 0.111401 -0.012644 0.045540 0.057189 0.075138 0.033531 0.045628 0.061387 0.085875 0.132222 0.121081 0.105785 0.137263 0.120459 0.164180 0.126395 0.260810 -0.109317 1.000000 -0.116820 0.228328 0.131207 0.164547 0.140766 0.175130 0.113304 0.158626 -0.040790 -0.114214 0.064969 0.030098 0.008314 -0.023466 0.032574 -0.012302 0.035862 -0.043776 0.000541 0.000900 -0.030492 0.043682 -0.071838 0.063214 0.014815 0.033349
0.061145 0.002490 0.040897 0.003191 0.043819 0.019614 0.049358 -0.001075 0.026325 0.011563 0.081459 0.042796 0.049929 0.051320 0.034170 0.072254 0.079865 0.089826 0.112846 0.140314 0.134317 0.164517 0.151436 0.166267 0.183468 0.158597 0.227324 -0.116820 1.000000 -0.022885 0.196887 0.175859 0.089286 0.135849 0.137604 0.135773 -0.011790 0.008533 0.030598 0.043897 -0.044192 -0.001311 -0.018491 0.005517 0.010875 0.008870 0.034185 -0.022600 0.042103 -0.028106 0.059314 -0.068806 -0.025246 -0.036229
-0.054214 0.006823 -0.027608 0.033217 0.005784 0.041662 0.047604 0.022778 0.020369 0.059060 0.042887 0.066147 0.065695 0.037979 0.079570 0.053744 0.111993 0.137968 0.120570 0.102726 0.152538 0.186546 0.186010 0.187536 0.168168 0.183597 0.155345 0.228328 -0.022885 1.000000 -0.025154 0.199971 0.118753 0.172972 0.132138 0.101383 -0.019883 -0.051198 0.042594 -0.011073 -0.048347 0.016626 0.030040 -0.016315 0.040179 -0.054045 -0.063159 -0.008957 0.024640 -0.035076 -0.015951 0.035503 -0.001137 0.012721
-0.030775 0.057273 -0.006792 0.031101 0.025869 0.069195 -0.014409 0.089104 -0.001503 0.037845 0.071059 0.041800 0.072772 0.111762 0.003536 0.137337 0.015606 0.143549 0.101443 0.131829 0.090932 0.236703 0.159748 0.188408 0.133001 0.220668 0.159740 0.131207 0.196887 -0.025154 1.000000 0.032171 0.116636 0.128729 0.109457 0.189370 -0.001703 -0.000749 0.034860 0.039492 -0.048840 0.006896 -0.005227 0.014772 -0.004332 -0.052780 0.027100 -0.045983 0.041688 -0.015308 -0.012119 -0.022221 0.040307 -0.012894
-0.002487 -0.026948 0.034209 0.014754 0.020124 0.076619 -0.000722 0.023993 -0.015230 0.076943 -0.026627 0.065442 0.017968 0.007205 0.094176 -0.041040 0.098806 0.069800 0.091619 0.099165 0.132436 0.087188 0.195182 0.149116 0.142220 0.144064 0.175402 0.164547 0.175859 0.199971 0.032171 1.000000 -0.031351 0.192481 0.130515 0.154329 -0.075658 0.002830 0.010371 0.036334 -0.039422 0.028734 0.009437 0.002433 0.005865 -0.015001 -0.008838 -0.028294 0.035071 -0.020825 -0.026449 0.030669 -0.014099 -0.036635
-0.030199 -0.039409 -0.004988 -0.031839 0.000983 -0.011459 -0.020638 0.018347 -0.014159 0.047398 -0.003122 0.035350 -0.006644 0.080989 -0.025398 0.080044 0.049901 0.062697 0.089773 0.157606 0.050808 0.138070 0.123108 0.139774 0.112158 0.151087 0.084904 0.140766 0.089286 0.118753 0.116636 -0.031351 1.000000 0.036214 0.163638 0.131777 -0.012123 -0.091028 0.027833 0.018402 -0.019337 -0.008689 0.008973 0.003940 0.021168 0.006980 -0.035912 0.000573 -0.034171 -0.033977 0.030538 -0.024362 0.033956 0.046477
0.002813 0.010925 -0.017638 0.049170 0.035907 0.012096 0.001316 0.028410 0.021119 0.046869 -0.019898 0.029388 0.071176 0.043530 0.048315 0.052542 -0.005436 0.124165 0.103682 0.099270 0.092865 0.135900 0.144602 0.170963 0.206218 0.131157 0.172303 0.175130 0.135849 0.172972 0.128729 0.192481 0.036214 1.000000 0.025895 0.177697 -0.009914 -0.028082 0.015510 0.013678 -0.022088 -0.002210 0.029468 -0.017993 0.022984 -0.022149 -0.013534 -0.029355 0.018501 0.009282 -0.002128 -0.025353 0.000137 -0.019103
-0.013599 -0.010469 0.030079 -0.043274 0.027784 0.030882 0.012025 0.052528 -0.032195 0.041263 0.018394 0.007393 0.085451 0.033472 0.056102 0.038530 0.029810 0.127419 0.075474 0.107377 0.076532 0.133370 0.140346 0.119473 0.148503 0.153503 0.137531 0.113304 0.137604 0.132138 0.109457 0.130515 0.163638 0.025895 1.000000 0.047830 -0.017335 0.018523 0.019605 -0.003573 0.044365 0.009291 -0.010614 0.030497 0.007432 -0.000935 0.052133 -0.044724 -0.001590 -0.009050 0.014529 0.019619 -0.005099 0.017757
0.013938 0.026073 -0.002418 0.010037 0.018489 0.006661 0.027761 0.016337 0.007261 0.047718 -0.003860 0.052164 -0.004335 0.073845 0.005211 0.046253 0.108330 0.054826 0.036262 0.099134 0.093904 0.115754 0.105764 0.149292 0.149533 0.150598 0.137083 0.158626 0.135773 0.101383 0.189370 0.154329 0.131777 0.177697 0.047830 1.000000 0.038844 -0.040364 0.036909 0.009081 -0.043029 0.068562 -0.038570 0.036045 -0.009711 0.019498 -0.014786 -0.034636 0.038717 0.010701 -0.042465 0.033571 0.025889 -0.025197
0.026597 0.086432 -0.019221 0.030804 -0.002425 -0.013199 0.036279 -0.063784 0.075603 -0.013961 -0.050714 0.050986 -0.011581 0.020149 0.019350 -0.018634 -0.002187 -0.002985 -0.040523 0.007068 0.016680 0.023251 -0.074468 -0.007792 -0.030107 -0.012849 -0.001320 -0.040790 -0.011790 -0.019883 -0.001703 -0.075658 -0.012123 -0.009914 -0.017335 0.038844 1.000000 -0.062209 -0.019383 0.012966 -0.008509 0.024227 0.003656 -0.004964 0.001700 0.081280 -0.067020 0.039063 0.031492 -0.008521 0.010032 0.000543 0.008970 -0.018604
-0.057199 -0.021824 -0.001806 -0.007563 0.035149 0.032347 -0.031358 0.013204 0.012870 -0.061529 -0.035081 -0.012614 0.039338 -0.026917 0.048386 -0.040617 -0.033727 0.063771 -0.007801 -0.034486 -0.012072 -0.006253 -0.053945 -0.003177 0.042501 -0.089908 -0.002215 -0.114214 0.008533 -0.051198 -0.000749 0.002830 -0.091028 -0.028082 0.018523 -0.040364 -0.062209 1.000000 -0.442031 0.082741 -0.034368 0.012256 -0.008009 -0.003715 -0.033409 -0.001200 0.194461 -0.125540 0.052477 0.021676 0.017838 -0.077560 -0.012613 0.003728
-0.003579 -0.002358 -0.006855 0.022494 -0.001983 0.024313 0.073444 0.040502 -0.025941 0.056132 0.036831 0.030109 -0.051135 0.052686 -0.023788 0.022871 0.053923 -0.052809 -0.006910 0.022825 0.003130 -0.004828 0.071134 -0.004050 -0.008299 0.042667 0.001863 0.064969 0.030598 0.042594 0.034860 0.010371 0.027833 0.015510 0.019605 0.036909 -0.019383 -0.442031 1.000000 -0.004263 0.031790 0.021797 -0.041571 0.048966 0.003136 -0.026875 -0.056050 0.247652 -0.044826 -0.027590 -0.000371 0.018221 0.001665 -0.024058
0.013289 -0.079411 0.042131 -0.018138 -0.019255 0.034662 0.007342 0.016302 0.017537 0.045964 0.030193 -0.015439 0.020056 -0.020353 0.054641 -0.044335 0.071918 -0.000748 0.001852 0.072381 0.031763 0.043021 0.011112 0.074554 0.016346 0.036205 0.028269 0.030098 0.043897 -0.011073 0.039492 0.036334 0.018402 0.013678 -0.003573 0.009081 0.012966 0.082741 -0.004263 1.000000 -0.398913 0.070907 -0.041147 0.042268 -0.019352 -0.040116 0.055751 -0.004100 0.120952 -0.011216 -0.010845 0.015518 -0.028464 0.040739
-0.056683 0.098895 -0.048369 0.018823 0.010309 0.032242 -0.012921 -0.021950 -0.016507 -0.006496 0.051723 -0.054893 0.040756 0.056769 -0.094469 0.068245 -0.071620 -0.004340 0.020019 -0.027771 -0.057729 -0.001446 0.001812 -0.075846 -0.007205 -0.036777 -0.043059 0.008314 -0.044192 -0.048347 -0.048840 -0.039422 -0.019337 -0.022088 0.044365 -0.043029 -0.008509 -0.034368 0.031790 -0.398913 1.000000 -0.211334 0.077132 -0.046576 0.030960 -0.032386 -0.009349 -0.003181 0.016320 0.120738 -0.059489 0.017268 -0.043350 -0.019233
0.024169 -0.074301 0.067215 -0.051278 0.035455 -0.041802 -0.008521 0.022373 0.002388 0.001316 -0.020212 -0.011845 -0.001470 -0.004945 0.034715 -0.037646 0.065350 0.017538 -0.012178 -0.026468 0.082516 -0.047632 -0.038773 0.072192 -0.000478 0.038202 0.018136 -0.023466 -0.001311 0.016626 0.006896 0.028734 -0.008689 -0.002210 0.009291 0.068562 0.024227 0.012256 0.021797 0.070907 -0.211334 1.000000 -0.675295 0.602784 -0.460503 -0.028933 0.041505 0.013823 0.031919 -0.043226 0.100091 -0.115094 0.110266 -0.109774
0.016846 0.064757 -0.012452 0.052703 -0.046491 0.051630 0.030705 -0.027761 -0.013357 0.016050 -0.000201 0.031446 -0.003114 -0.006094 0.001340 0.021849 -0.005620 -0.018647 0.060881 0.034489 -0.035759 0.011892 0.034666 -0.029501 0.008546 0.015389 -0.007712 0.032574 -0.018491 0.030040 -0.005227 0.009437 0.008973 0.029468 -0.010614 -0.038570 0.003656 -0.008009 -0.041571 -0.041147 0.077132 -0.675295 1.000000 -0.865670 0.679459 0.052808 -0.077511 -0.005306 -0.025792 0.013541 -0.064056 0.181489 -0.160828 0.145644
-0.019612 -0.074466 0.024446 -0.063051 0.052968 -0.039462 -0.049417 0.030111 0.012415 -0.013434 0.011615 -0.041709 0.019283 -0.005287 0.014214 -0.019263 0.013516 0.016846 -0.045231 -0.025366 0.051038 -0.018705 -0.019573 0.033682 -0.009981 -0.021852 0.025370 -0.012302 0.005517 -0.016315 0.014772 0.002433 0.003940 -0.017993 0.030497 0.036045 -0.004964 -0.003715 0.048966 0.042268 -0.046576 0.602784 -0.865670 1.000000 -0.761135 -0.070789 0.068787 0.007300 0.026201 -0.004793 -0.015958 -0.045885 0.120374 -0.147237
0.011065 0.056575 -0.004388 0.036660 -0.031366 0.010276 0.039703 -0.013538 -0.007292 0.040569 0.009607 0.006136 -0.009698 0.021430 -0.030614 0.015780 -0.001122 0.008007 0.048723 0.007983 -0.026319 0.041570 -0.000170 -0.015524 0.015686 0.019644 -0.007617 0.035862 0.010875 0.040179 -0.004332 0.005865 0.021168 0.022984 0.007432 -0.009711 0.001700 -0.033409 0.003136 -0.019352 0.030960 -0.460503 0.679459 -0.761135 1.000000 0.073705 -0.062675 0.028432 -0.059625 -0.021620 0.024892 0.014669 -0.086183 0.115970
0.069690 0.026253 -0.024455 0.004873 -0.013501 -0.057414 0.069582 -0.036860 0.004227 0.048133 -0.059581 -0.011550 -0.029081 -0.020649 0.000795 -0.010481 -0.004223 -0.024265 -0.031607 -0.009618 0.000867 -0.036220 -0.036937 -0.013916 -0.023498 -0.054049 -0.054536 -0.043776 0.008870 -0.054045 -0.052780 -0.015001 0.006980 -0.022149 -0.000935 0.019498 0.081280 -0.001200 -0.026875 -0.040116 -0.032386 -0.028933 0.052808 -0.070789 0.073705 1.000000 -0.075059 0.100121 -0.051494 0.027174 0.055148 -0.027010 0.052353 0.009203
0.009488 0.004515 -0.025298 0.008711 0.018548 0.020605 0.022193 -0.014905 0.014083 -0.017396 0.010770 0.022678 -0.027839 0.031904 0.006113 -0.005239 -0.022387 0.037854 0.020420 -0.005527 -0.015339 0.033026 -0.019963 -0.007107 0.001766 -0.003427 -0.038420 0.000541 0.034185 -0.063159 0.027100 -0.008838 -0.035912 -0.013534 0.052133 -0.014786 -0.067020 0.194461 -0.056050 0.055751 -0.009349 0.041505 -0.077511 0.068787 -0.062675 -0.075059 1.000000 -0.378073 0.068018 0.007640 -0.053182 0.020589 -0.018598 -0.003162
0.016759 0.005131 -0.008804 0.011922 -0.031761 -0.039345 0.056628 0.032351 -0.017595 0.030837 0.057629 -0.000801 -0.005163 -0.003701 0.000646 -0.025960 0.021790 -0.021531 -0.027812 -0.011343 -0.008844 -0.080291 0.018478 -0.024475 -0.033276 -0.015812 -0.008091 0.000900 -0.022600 -0.008957 -0.045983 -0.028294 0.000573 -0.029355 -0.044724 -0.034636 0.039063 -0.125540 0.247652 -0.004100 -0.003181 0.013823 -0.005306 0.007300 0.028432 0.100121 -0.378073 1.000000 -0.234437 0.018455 0.016911 -0.020867 0.055567 -0.029888
-0.040767 0.004499 0.043710 0.004742 0.006953 0.040738 0.048080 -0.015290 -0.048129 0.029057 0.005123 0.005069 0.023301 -0.001211 0.003039 0.035520 -0.033817 0.064806 -0.014448 0.049973 0.004056 0.036400 0.023151 0.026528 0.029891 0.023316 0.007729 -0.030492 0.042103 0.024640 0.041688 0.035071 -0.034171 0.018501 -0.001590 0.038717 0.031492 0.052477 -0.044826 0.120952 0.016320 0.031919 -0.025792 0.026201 -0.059625 -0.051494 0.068018 -0.234437 1.000000 -0.251907 0.048763 0.022484 -0.066886 -0.009827
0.061244 0.002676 -0.066508 0.015218 -0.013481 -0.007963 -0.013127 0.000734 0.062592 -0.029506 -0.000737 -0.005214 -0.037580 0.106693 -0.062660 0.053244 0.003409 -0.011045 -0.011420 0.021696 -0.024846 0.039108 -0.008488 0.037230 -0.010526 0.008724 0.004860 0.043682 -0.028106 -0.035076 -0.015308 -0.020825 -0.033977 0.009282 -0.009050 0.010701 -0.008521 0.021676 -0.027590 -0.011216 0.120738 -0.043226 0.013541 -0.004793 -0.021620 0.027174 0.007640 0.018455 -0.251907 1.000000 -0.313246 0.113482 -0.021515 0.019446
0.031571 0.008606 0.035531 -0.048964 0.024001 -0.035845 -0.002892 -0.044524 -0.030947 -0.009474 0.010253 -0.066486 0.071825 -0.086452 0.038465 -0.038243 0.037175 -0.016909 0.006679 -0.003521 -0.006081 -0.023120 -0.040407 -0.029081 0.009344 0.002994 0.003259 -0.071838 0.059314 -0.015951 -0.012119 -0.026449 0.030538 -0.002128 0.014529 -0.042465 0.010032 0.017838 -0.000371 -0.010845 -0.059489 0.100091 -0.064056 -0.015958 0.024892 0.055148 -0.053182 0.016911 0.048763 -0.313246 1.000000 -0.486020 0.060650 -0.017467
-0.069239 -0.030699 0.034527 0.048439 -0.006354 0.032811 0.017795 0.012933 0.036191 0.025874 0.003606 0.075941 -0.076056 0.060231 -0.004041 0.028514 -0.020785 -0.035711 -0.006670 0.009341 0.072287 -0.002459 0.031743 0.033086 0.019042 0.011185 0.024833 0.063214 -0.068806 0.035503 -0.022221 0.030669 -0.024362 -0.025353 0.019619 0.033571 0.000543 -0.077560 0.018221 0.015518 0.017268 -0.115094 0.181489 -0.045885 0.014669 -0.027010 0.020589 -0.020867 0.022484 0.113482 -0.486020 1.000000 -0.201769 0.053002
0.000045 -0.043991 0.018353 -0.093701 0.028971 -0.025947 -0.048109 0.065413 -0.058930 0.001588 -0.011312 -0.026952 0.032546 -0.032609 0.029200 -0.023284 -0.016283 0.045366 0.016654 0.045945 -0.040302 0.005720 0.048373 0.035563 0.027046 0.007359 0.003793 0.014815 -0.025246 -0.001137 0.040307 -0.014099 0.033956 0.000137 -0.005099 0.025889 0.008970 -0.012613 0.001665 -0.028464 -0.043350 0.110266 -0.160828 0.120374 -0.086183 0.052353 -0.018598 0.055567 -0.066886 -0.021515 0.060650 -0.201769 1.000000 -0.206834
0.054227 -0.012115 0.035594 0.016614 0.020298 0.054354 -0.030163 0.002894 -0.006890 0.000824 0.015562 -0.049286 0.084357 -0.043540 0.072435 -0.017328 0.027764 0.009648 -0.036882 0.048304 0.030964 0.006015 0.025938 -0.023012 0.024498 -0.012626 -0.023737 0.033349 -0.036229 0.012721 -0.012894 -0.036635 0.046477 -0.019103 0.017757 -0.025197 -0.018604 0.003728 -0.024058 0.040739 -0.019233 -0.109774 0.145644 -0.147237 0.115970 0.009203 -0.003162 -0.029888 -0.009827 0.019446 -0.017467 0.053002 -0.206834 1.000000
