39449.734309 -10896.397394 -1448.673478 -4.229952 -77892.173572 -55101.115910 118311.604615 -37424.912312 -128414.496074 82898.108653 -9713.359141 16214.142711 1252.222421 -5556.812452 2125.785587 -478.418085 1745.660928 -2980.053730 -1577.195189 4884.547607 -2995.344259 3975.862863 5734.740814 2694.700256 -565.567615 1875.816403 -2298.399609 -3451.776973
-10896.397394 153202.515117 -1434.630823 2315.544199 22727.538083 -3961.059072 98608.924808 -18058.204938 57475.400226 -81229.510647 44538.969737 -27202.480737 -2573.017719 3989.160923 251.031958 4316.301449 -8000.088757 -1125.052032 -9068.766090 -6986.076260 -6561.344289 -23491.070392 -10771.832666 -6525.345564 -383.661724 -4087.307544 -9045.622508 12539.467556
-1448.673478 -1434.630823 32401.014321 621.594427 9387.168561 19845.015594 -57078.866928 38085.942121 -117609.731408 29111.688415 29486.878854 -6949.866324 -85.870014 3040.722896 8.352838 -1284.298804 3888.426950 -4133.335639 -1766.076547 -2258.405068 2043.234939 2763.557948 -5392.339239 -3064.095680 1551.191240 2444.370218 3108.858807 -2961.990454
-4.229952 2315.544199 621.594427 3749.147024 12427.793317 -3193.346291 -18666.287358 6918.155615 2174.683844 -2757.163115 -3410.549660 -3764.475538 -936.327920 -2864.038659 -541.398301 -340.104972 264.977899 -1312.741866 225.278118 -75.923799 -243.382842 -23.806994 -559.635372 791.521610 -382.771666 134.689900 -12.162620 -464.880205
-77892.173572 22727.538083 9387.168561 12427.793317 1414434.955545 -23172.727925 -820170.440180 268434.078990 771150.364636 -380354.458105 -106309.162494 -46389.347587 -1927.538383 -4477.864923 -33143.763072 -9259.296157 -13588.345734 -14919.256906 -15523.036141 -22521.337963 17980.104008 -3701.575061 -29095.559585 7553.123919 23163.434745 -27811.946545 -87270.695436 -26637.529917
-55101.115910 -3961.059072 19845.015594 -3193.346291 -23172.727925 714398.001032 -512173.911823 170755.092645 -5224.109667 85441.594648 -47060.356605 13327.938734 2530.606412 9024.541705 4055.971322 5787.108243 9002.386282 16092.434394 20776.059936 7514.504462 -1680.298571 -24906.118166 24330.923419 -7364.344900 5311.884046 3719.438499 -18025.385482 10973.345337
118311.604615 98608.924808 -57078.866928 -18666.287358 -820170.440180 -512173.911823 4691209.214419 -1971517.671730 2526.374481 209502.155322 272123.309188 49247.981026 23540.628491 8443.712619 90178.473663 5745.655406 8955.045107 14945.115985 -48291.840203 34809.108945 -37460.408758 -36171.892747 -73644.132720 -19355.975543 57656.430652 31815.716196 161219.688304 -30489.044495
-37424.912312 -18058.204938 38085.942121 6918.155615 268434.078990 170755.092645 -1971517.671730 1510233.404528 -1260771.314454 307821.617434 -69860.861614 2923.676055 -13940.904269 5334.188590 -37943.463119 7549.249868 -2263.185908 -23348.899843 5287.117511 -28696.587416 13793.217538 21502.345650 -3276.339997 -2870.237795 -31099.104825 -15709.335446 -27715.497914 22308.506362
-128414.496074 57475.400226 -117609.731408 2174.683844 771150.364636 -5224.109667 2526.374481 -1260771.314454 10087048.503055 -4085209.103185 -69480.702026 56628.423380 48553.456390 8913.386657 72285.914037 2650.453283 -3565.653560 111744.476226 59661.922833 104042.520814 59186.059760 67970.902859 147097.396325 55853.087857 96682.780451 -5291.981183 -6708.740749 -11354.014041
82898.108653 -81229.510647 29111.688415 -2757.163115 -380354.458105 85441.594648 209502.155322 307821.617434 -4085209.103185 2506799.034154 -387901.001093 152092.743841 25711.280518 11761.432738 -8358.969628 3934.638466 32440.614121 -13145.449588 5964.082780 -4830.372630 -12906.162485 -30227.292885 -37412.214257 -15447.934587 -38878.696656 29110.013225 -36162.489125 12047.089819
-9713.359141 44538.969737 29486.878854 -3410.549660 -106309.162494 -47060.356605 272123.309188 -69860.861614 -69480.702026 -387901.001093 838711.833490 -207431.039928 13187.079999 26194.091054 12461.477826 8209.637279 -2967.221286 2980.213552 -4044.615957 -16949.121161 20555.759236 10958.203281 -28806.496334 -3150.787410 -2890.463355 -5893.833542 59241.363379 -7190.167956
16214.142711 -27202.480737 -6949.866324 -3764.475538 -46389.347587 13327.938734 49247.981026 2923.676055 56628.423380 152092.743841 -207431.039928 201588.451614 15615.534480 11123.822524 12016.659890 11752.766834 9468.791974 9046.484362 1166.750390 17934.783510 -417.932028 2202.614400 13595.189450 7015.679592 -1932.448162 3637.281156 -15609.816717 12029.322598
1252.222421 -2573.017719 -85.870014 -936.327920 -1927.538383 2530.606412 23540.628491 -13940.904269 48553.456390 25711.280518 13187.079999 15615.534480 72496.755234 7835.211685 8117.711575 4988.674895 10506.026625 2857.336348 10588.859608 7782.482164 6262.996443 2612.745121 6800.529258 5034.906882 3890.095944 1778.059291 -1762.274400 1965.447634
-5556.812452 3989.160923 3040.722896 -2864.038659 -4477.864923 9024.541705 8443.712619 5334.188590 8913.386657 11761.432738 26194.091054 11123.822524 7835.211685 36627.637366 4347.394498 7311.178378 5981.639398 8375.111926 1862.232591 1622.506522 10410.967576 3052.256796 1663.326269 2630.271574 -5618.346889 2519.708698 -5973.659695 991.184662
2125.785587 251.031958 8.352838 -541.398301 -33143.763072 4055.971322 90178.473663 -37943.463119 72285.914037 -8358.969628 12461.477826 12016.659890 8117.711575 4347.394498 18552.794808 4148.630977 3072.350270 6413.518141 2591.062167 5291.738146 4267.494157 2648.226868 5354.152652 1149.076550 3314.168489 4332.670898 -5765.055653 -2243.000436
-478.418085 4316.301449 -1284.298804 -340.104972 -9259.296157 5787.108243 5745.655406 7549.249868 2650.453283 3934.638466 8209.637279 11752.766834 4988.674895 7311.178378 4148.630977 16319.892669 -60.763331 6141.276896 3576.466382 1890.152866 2796.164110 720.857953 760.239199 1516.218911 -638.828703 597.614879 -12083.486062 523.072465
1745.660928 -8000.088757 3888.426950 264.977899 -13588.345734 9002.386282 8955.045107 -2263.185908 -3565.653560 32440.614121 -2967.221286 9468.791974 10506.026625 5981.639398 3072.350270 -60.763331 29337.419958 1762.489576 6863.021881 7940.246879 4878.232128 1562.954920 7341.362663 1492.227839 -568.524889 5153.635873 3165.552465 -1729.560042
-2980.053730 -1125.052032 -4133.335639 -1312.741866 -14919.256906 16092.434394 14945.115985 -23348.899843 111744.476226 -13145.449588 2980.213552 9046.484362 2857.336348 8375.111926 6413.518141 6141.276896 1762.489576 26300.282991 1737.240167 7557.612479 5833.517382 5617.341109 4729.702255 5597.318907 956.407644 -521.517946 -4373.523602 97.408209
-1577.195189 -9068.766090 -1766.076547 225.278118 -15523.036141 20776.059936 -48291.840203 5287.117511 59661.922833 5964.082780 -4044.615957 1166.750390 10588.859608 1862.232591 2591.062167 3576.466382 6863.021881 1737.240167 24606.138408 -1919.870947 6585.544632 708.897522 9638.148930 1673.438759 1175.211780 5034.465109 6382.335572 317.554776
4884.547607 -6986.076260 -2258.405068 -75.923799 -22521.337963 7514.504462 34809.108945 -28696.587416 104042.520814 -4830.372630 -16949.121161 17934.783510 7782.482164 1622.506522 5291.738146 1890.152866 7940.246879 7557.612479 -1919.870947 33540.407880 -49.621956 4818.843261 12816.214087 4413.515628 3785.244359 3057.241504 -3144.082391 -1168.039337
-2995.344259 -6561.344289 2043.234939 -243.382842 17980.104008 -1680.298571 -37460.408758 13793.217538 59186.059760 -12906.162485 20555.759236 -417.932028 6262.996443 10410.967576 4267.494157 2796.164110 4878.232128 5833.517382 6585.544632 -49.621956 34867.705242 -225.636164 5423.547628 4836.999409 5258.350357 912.288230 5922.615727 -1654.376456
3975.862863 -23491.070392 2763.557948 -23.806994 -3701.575061 -24906.118166 -36171.892747 21502.345650 67970.902859 -30227.292885 10958.203281 2202.614400 2612.745121 3052.256796 2648.226868 720.857953 1562.954920 5617.341109 708.897522 4818.843261 -225.636164 44856.395128 -6783.346309 5857.470206 -197.521835 -1760.664494 -1285.942325 -3727.570501
5734.740814 -10771.832666 -5392.339239 -559.635372 -29095.559585 24330.923419 -73644.132720 -3276.339997 147097.396325 -37412.214257 -28806.496334 13595.189450 6800.529258 1663.326269 5354.152652 760.239199 7341.362663 4729.702255 9638.148930 12816.214087 5423.547628 -6783.346309 65059.733304 2424.780523 -585.651370 6946.264982 -14816.640221 -2812.056813
2694.700256 -6525.345564 -3064.095680 791.521610 7553.123919 -7364.344900 -19355.975543 -2870.237795 55853.087857 -15447.934587 -3150.787410 7015.679592 5034.906882 2630.271574 1149.076550 1516.218911 1492.227839 5597.318907 1673.438759 4413.515628 4836.999409 5857.470206 2424.780523 19470.310806 651.692310 -587.403355 -3223.378734 -723.094743
-565.567615 -383.661724 1551.191240 -382.771666 23163.434745 5311.884046 57656.430652 -31099.104825 96682.780451 -38878.696656 -2890.463355 -1932.448162 3890.095944 -5618.346889 3314.168489 -638.828703 -568.524889 956.407644 1175.211780 3785.244359 5258.350357 -197.521835 -585.651370 651.692310 50745.170261 -2422.894183 9045.762085 4537.024591
1875.816403 -4087.307544 2444.370218 134.689900 -27811.946545 3719.438499 31815.716196 -15709.335446 -5291.981183 29110.013225 -5893.833542 3637.281156 1778.059291 2519.708698 4332.670898 597.614879 5153.635873 -521.517946 5034.465109 3057.241504 912.288230 -1760.664494 6946.264982 -587.403355 -2422.894183 29678.089578 -6133.867063 -87.115987
-2298.399609 -9045.622508 3108.858807 -12.162620 -87270.695436 -18025.385482 161219.688304 -27715.497914 -6708.740749 -36162.489125 59241.363379 -15609.816717 -1762.274400 -5973.659695 -5765.055653 -12083.486062 3165.552465 -4373.523602 6382.335572 -3144.082391 5922.615727 -1285.942325 -14816.640221 -3223.378734 9045.762085 -6133.867063 217677.872928 1507.790463
-3451.776973 12539.467556 -2961.990454 -464.880205 -26637.529917 10973.345337 -30489.044495 22308.506362 -11354.014041 12047.089819 -7190.167956 12029.322598 1965.447634 991.184662 -2243.000436 523.072465 -1729.560042 97.408209 317.554776 -1168.039337 -1654.376456 -3727.570501 -2812.056813 -723.094743 4537.024591 -87.115987 1507.790463 37215.554567
