1.000000 -0.140161 -0.040520 -0.000348 -0.329747 -0.328222 0.275019 -0.153326 -0.203568 0.263611 -0.053400 0.181819 0.023415 -0.146184 0.078577 -0.018855 0.051313 -0.092517 -0.050622 0.134282 -0.080763 0.094514 0.113197 0.097230 -0.012641 0.054821 -0.024803 -0.090086
-0.140161 1.000000 -0.020362 0.096617 0.048823 -0.011973 0.116316 -0.037542 0.046235 -0.131075 0.124251 -0.154790 -0.024415 0.053253 0.004709 0.086322 -0.119330 -0.017724 -0.147704 -0.097458 -0.089774 -0.283372 -0.107895 -0.119477 -0.004351 -0.060616 -0.049533 0.166067
-0.040520 -0.020362 1.000000 0.056398 0.043849 0.130437 -0.146404 0.172172 -0.205723 0.102148 0.178872 -0.085993 -0.001772 0.088266 0.000341 -0.055851 0.126120 -0.141593 -0.062547 -0.068508 0.060789 0.072490 -0.117447 -0.121993 0.038255 0.078826 0.037018 -0.085299
-0.000348 0.096617 0.056398 1.000000 0.170662 -0.061703 -0.140750 0.091939 0.011183 -0.028440 -0.060821 -0.136932 -0.056794 -0.244404 -0.064915 -0.043480 0.025266 -0.132200 0.023455 -0.006771 -0.021287 -0.001836 -0.035833 0.092642 -0.027751 0.012769 -0.000426 -0.039356
-0.329747 0.048823 0.043849 0.170662 1.000000 -0.023052 -0.318398 0.183664 0.204158 -0.201993 -0.097605 -0.086875 -0.006019 -0.019673 -0.204600 -0.060944 -0.066706 -0.077353 -0.083208 -0.103400 0.080963 -0.014695 -0.095913 0.045514 0.086460 -0.135744 -0.157279 -0.116102
-0.328222 -0.011973 0.130437 -0.061703 -0.023052 1.000000 -0.279772 0.164392 -0.001946 0.063847 -0.060797 0.035120 0.011120 0.055789 0.035231 0.053596 0.062184 0.117401 0.156701 0.048545 -0.010646 -0.139131 0.112858 -0.062442 0.027899 0.025544 -0.045710 0.067299
0.275019 0.116316 -0.146404 -0.140750 -0.318398 -0.279772 1.000000 -0.740690 0.000367 0.061092 0.137188 0.050642 0.040366 0.020370 0.305672 0.020765 0.024139 0.042548 -0.142138 0.087754 -0.092623 -0.078853 -0.133303 -0.064045 0.118170 0.085267 0.159540 -0.072969
-0.153326 -0.037542 0.172172 0.091939 0.183664 0.164392 -0.740690 1.000000 -0.323022 0.158204 -0.062073 0.005299 -0.042132 0.022680 -0.226678 0.048086 -0.010752 -0.117156 0.027427 -0.127504 0.060108 0.082614 -0.010452 -0.016738 -0.112338 -0.074202 -0.048339 0.094099
-0.203568 0.046235 -0.205723 0.011183 0.204158 -0.001946 0.000367 -0.323022 1.000000 -0.812405 -0.023888 0.039712 0.056778 0.014664 0.167096 0.006533 -0.006555 0.216952 0.119755 0.178873 0.099799 0.101048 0.181579 0.126031 0.135136 -0.009672 -0.004527 -0.018531
0.263611 -0.131075 0.102148 -0.028440 -0.201993 0.063847 0.061092 0.158204 -0.812405 1.000000 -0.267519 0.213952 0.060312 0.038815 -0.038760 0.019453 0.119624 -0.051196 0.024014 -0.016659 -0.043654 -0.090142 -0.092640 -0.069924 -0.109007 0.106725 -0.048954 0.039442
-0.053400 0.124251 0.178872 -0.060821 -0.097605 -0.060797 0.137188 -0.062073 -0.023888 -0.267519 1.000000 -0.504469 0.053479 0.149449 0.099898 0.070171 -0.018916 0.020066 -0.028155 -0.101055 0.120203 0.056496 -0.123318 -0.024656 -0.014011 -0.037357 0.138647 -0.040698
0.181819 -0.154790 -0.085993 -0.136932 -0.086875 0.035120 0.050642 0.005299 0.039712 0.213952 -0.504469 1.000000 0.129171 0.129454 0.196493 0.204903 0.123126 0.124242 0.016566 0.218112 -0.004985 0.023163 0.118712 0.111983 -0.019106 0.047025 -0.074517 0.138882
0.023415 -0.024415 -0.001772 -0.056794 -0.006019 0.011120 0.040366 -0.042132 0.056778 0.060312 0.053479 0.129171 1.000000 0.152050 0.221345 0.145033 0.227808 0.065437 0.250708 0.157825 0.124569 0.045817 0.099021 0.134013 0.064136 0.038333 -0.014028 0.037839
-0.146184 0.053253 0.088266 -0.244404 -0.019673 0.055789 0.020370 0.022680 0.014664 0.038815 0.149449 0.129454 0.152050 1.000000 0.166771 0.299037 0.182476 0.269840 0.062031 0.046291 0.291323 0.075302 0.034074 0.098494 -0.130319 0.076424 -0.066900 0.026847
0.078577 0.004709 0.000341 -0.064915 -0.204600 0.035231 0.305672 -0.226678 0.167096 -0.038760 0.099898 0.196493 0.221345 0.166771 1.000000 0.238419 0.131691 0.290343 0.121269 0.212134 0.167786 0.091799 0.154110 0.060459 0.108012 0.184643 -0.090718 -0.085362
-0.018855 0.086322 -0.055851 -0.043480 -0.060944 0.053596 0.020765 0.048086 0.006533 0.019453 0.070171 0.204903 0.145033 0.299037 0.238419 1.000000 -0.002777 0.296428 0.178474 0.080789 0.117217 0.026643 0.023331 0.085058 -0.022199 0.027155 -0.202734 0.021225
0.051313 -0.119330 0.126120 0.025266 -0.066706 0.062184 0.024139 -0.010752 -0.006555 0.119624 -0.018916 0.123126 0.227808 0.182476 0.131691 -0.002777 1.000000 0.063451 0.255436 0.253127 0.152525 0.043085 0.168039 0.062436 -0.014735 0.174657 0.039612 -0.052343
-0.092517 -0.017724 -0.141593 -0.132200 -0.077353 0.117401 0.042548 -0.117156 0.216952 -0.051196 0.020066 0.124242 0.065437 0.269840 0.290343 0.296428 0.063451 1.000000 0.068290 0.254460 0.192637 0.163545 0.114340 0.247351 0.026180 -0.018667 -0.057802 0.003114
-0.050622 -0.147704 -0.062547 0.023455 -0.083208 0.156701 -0.142138 0.027427 0.119755 0.024014 -0.028155 0.016566 0.250708 0.062031 0.121269 0.178474 0.255436 0.068290 1.000000 -0.066829 0.224832 0.021338 0.240888 0.076454 0.033258 0.186300 0.087207 0.010494
0.134282 -0.097458 -0.068508 -0.006771 -0.103400 0.048545 0.087754 -0.127504 0.178873 -0.016659 -0.101055 0.218112 0.157825 0.046291 0.212134 0.080789 0.253127 0.254460 -0.066829 1.000000 -0.001451 0.124236 0.274359 0.172709 0.091751 0.096901 -0.036796 -0.033061
-0.080763 -0.089774 0.060789 -0.021287 0.080963 -0.010646 -0.092623 0.060108 0.099799 -0.043654 0.120203 -0.004985 0.124569 0.291323 0.167786 0.117217 0.152525 0.192637 0.224832 -0.001451 1.000000 -0.005705 0.113872 0.185643 0.125009 0.028360 0.067982 -0.045926
0.094514 -0.283372 0.072490 -0.001836 -0.014695 -0.139131 -0.078853 0.082614 0.101048 -0.090142 0.056496 0.023163 0.045817 0.075302 0.091799 0.026643 0.043085 0.163545 0.021338 0.124236 -0.005705 1.000000 -0.125567 0.198204 -0.004140 -0.048255 -0.013014 -0.091233
0.113197 -0.107895 -0.117447 -0.035833 -0.095913 0.112858 -0.133303 -0.010452 0.181579 -0.092640 -0.123318 0.118712 0.099021 0.034074 0.154110 0.023331 0.168039 0.114340 0.240888 0.274359 0.113872 -0.125567 1.000000 0.068129 -0.010193 0.158080 -0.124505 -0.057149
0.097230 -0.119477 -0.121993 0.092642 0.045514 -0.062442 -0.064045 -0.016738 0.126031 -0.069924 -0.024656 0.111983 0.134013 0.098494 0.060459 0.085058 0.062436 0.247351 0.076454 0.172709 0.185643 0.198204 0.068129 1.000000 0.020733 -0.024436 -0.049513 -0.026863
-0.012641 -0.004351 0.038255 -0.027751 0.086460 0.027899 0.118170 -0.112338 0.135136 -0.109007 -0.014011 -0.019106 0.064136 -0.130319 0.108012 -0.022199 -0.014735 0.026180 0.033258 0.091751 0.125009 -0.004140 -0.010193 0.020733 1.000000 -0.062434 0.086068 0.104403
0.054821 -0.060616 0.078826 0.012769 -0.135744 0.025544 0.085267 -0.074202 -0.009672 0.106725 -0.037357 0.047025 0.038333 0.076424 0.184643 0.027155 0.174657 -0.018667 0.186300 0.096901 0.028360 -0.048255 0.158080 -0.024436 -0.062434 1.000000 -0.076315 -0.002621
-0.024803 -0.049533 0.037018 -0.000426 -0.157279 -0.045710 0.159540 -0.048339 -0.004527 -0.048954 0.138647 -0.074517 -0.014028 -0.066900 -0.090718 -0.202734 0.039612 -0.057802 0.087207 -0.036796 0.067982 -0.013014 -0.124505 -0.049513 0.086068 -0.076315 1.000000 0.016752
-0.090086 0.166067 -0.085299 -0.039356 -0.116102 0.067299 -0.072969 0.094099 -0.018531 0.039442 -0.040698 0.138882 0.037839 0.026847 -0.085362 0.021225 -0.052343 0.003114 0.010494 -0.033061 -0.045926 -0.091233 -0.057149 -0.026863 0.104403 -0.002621 0.016752 1.000000
