1.000000 -0.015766 0.022866 -0.041336 0.029964 -0.026486 -0.018714 0.027149 -0.076477 0.022076 0.025127 -0.041525 -0.051896 -0.078888 -0.019188 -0.056577 -0.071856 -0.030965 -0.007132 0.045683 0.006671 0.041593 -0.012880 -0.006297 -0.057696 0.020796 -0.064715 0.108391
-0.015766 1.000000 -0.023195 0.025662 -0.054865 -0.025491 -0.071840 0.021540 0.110220 -0.055523 -0.040712 0.092978 0.001384 0.081394 -0.010036 0.051744 0.011300 0.044463 0.041945 0.016561 0.007224 -0.017072 0.008691 0.008185 0.020276 -0.012429 -0.029589 -0.118184
0.022866 -0.023195 1.000000 -0.041788 -0.031940 0.013161 -0.023318 0.018037 -0.033483 0.056720 -0.003956 0.004736 0.045852 0.027144 -0.003229 0.045384 -0.002819 -0.027139 -0.005060 0.042815 0.053020 0.004787 -0.098514 -0.003359 -0.014291 0.024911 -0.027032 -0.033085
-0.041336 0.025662 -0.041788 1.000000 -0.075563 -0.065282 -0.028176 0.059997 -0.034586 0.019199 0.026767 0.001741 -0.009178 0.024285 0.031211 0.025959 0.054981 0.013796 0.033593 0.054164 -0.027930 -0.018013 0.006654 0.003177 0.048517 -0.020169 0.047520 -0.066402
0.029964 -0.054865 -0.031940 -0.075563 1.000000 -0.247502 -0.103283 0.002047 0.085956 -0.069129 -0.032735 0.000161 0.025656 -0.037431 0.046164 0.028395 -0.023161 -0.000617 0.004332 -0.007049 -0.059132 -0.032673 0.015554 0.035117 0.032401 0.074901 0.038344 0.031828
-0.026486 -0.025491 0.013161 -0.065282 -0.247502 1.000000 -0.227826 0.050283 0.096331 -0.070133 -0.025083 -0.013409 -0.034344 0.004063 -0.063076 -0.001924 0.000233 -0.014696 -0.079000 -0.025273 0.029906 -0.022399 -0.062280 0.043749 -0.011290 -0.049028 -0.045825 -0.044412
-0.018714 -0.071840 -0.023318 -0.028176 -0.103283 -0.227826 1.000000 -0.708572 -0.076405 0.144774 0.111413 0.009086 0.097408 0.068155 0.076272 0.047051 0.022262 0.016515 0.044968 0.046169 0.024817 0.046576 -0.006690 0.005269 -0.045142 0.038084 0.030766 0.031233
0.027149 0.021540 0.018037 0.059997 0.002047 0.050283 -0.708572 1.000000 -0.347989 0.220214 -0.020534 0.065612 0.033993 0.001517 0.017404 0.026400 0.067176 0.051083 0.017677 0.025308 0.048107 -0.050229 0.027957 -0.043173 0.030077 -0.008144 0.024907 0.037801
-0.076477 0.110220 -0.033483 -0.034586 0.085956 0.096331 -0.076405 -0.347989 1.000000 -0.835902 -0.053328 0.088158 -0.021600 0.079047 0.013457 0.048065 0.005339 0.052075 -0.000432 0.029330 -0.020196 0.052531 -0.006639 0.027879 0.011558 -0.026695 -0.003515 -0.126943
0.022076 -0.055523 0.056720 0.019199 -0.069129 -0.070133 0.144774 0.220214 -0.835902 1.000000 -0.239278 0.164018 0.070619 -0.003178 0.045362 0.026983 0.039041 0.005968 0.048990 -0.016782 0.068913 -0.041967 -0.004399 -0.015231 -0.030895 0.022856 -0.001725 0.099971
0.025127 -0.040712 -0.003956 0.026767 -0.032735 -0.025083 0.111413 -0.020534 -0.053328 -0.239278 1.000000 -0.399909 0.218647 0.082991 0.096981 0.064706 0.125381 0.098649 0.080304 0.118471 0.022755 0.012224 0.064044 -0.015406 0.001320 -0.007850 0.021769 0.031785
-0.041525 0.092978 0.004736 0.001741 0.000161 -0.013409 0.009086 0.065612 0.088158 0.164018 -0.399909 1.000000 0.144424 0.231138 0.220806 0.237114 0.173462 0.210040 0.165070 0.130652 0.107536 0.053485 0.013971 -0.004911 -0.007164 0.001983 0.036075 -0.014222
-0.051896 0.001384 0.045852 -0.009178 0.025656 -0.034344 0.097408 0.033993 -0.021600 0.070619 0.218647 0.144424 1.000000 0.164853 0.251789 0.240810 0.219770 0.247144 0.185373 0.172963 0.113248 0.063084 0.071982 0.025140 -0.002808 0.018428 0.025502 0.006350
-0.078888 0.081394 0.027144 0.024285 -0.037431 0.004063 0.068155 0.001517 0.079047 -0.003178 0.082991 0.231138 0.164853 1.000000 0.064376 0.253482 0.222864 0.238646 0.167083 0.133086 0.124432 0.087651 0.045760 0.055674 0.017192 -0.011104 0.016451 -0.041266
-0.019188 -0.010036 -0.003229 0.031211 0.046164 -0.063076 0.076272 0.017404 0.013457 0.045362 0.096981 0.220806 0.251789 0.064376 1.000000 0.144144 0.130885 0.201468 0.177848 0.120118 0.103086 0.025168 0.038546 0.050265 0.003313 0.022028 0.017793 -0.003798
-0.056577 0.051744 0.045384 0.025959 0.028395 -0.001924 0.047051 0.026400 0.048065 0.026983 0.064706 0.237114 0.240810 0.253482 0.144144 1.000000 0.103416 0.278954 0.241393 0.161829 0.135482 0.083382 0.131082 0.052706 0.027775 0.009895 0.038010 -0.009613
-0.071856 0.011300 -0.002819 0.054981 -0.023161 0.000233 0.022262 0.067176 0.005339 0.039041 0.125381 0.173462 0.219770 0.222864 0.130885 0.103416 1.000000 0.050589 0.129486 0.149733 0.082795 0.064667 0.086962 0.036997 -0.006514 0.008346 0.006450 -0.053071
-0.030965 0.044463 -0.027139 0.013796 -0.000617 -0.014696 0.016515 0.051083 0.052075 0.005968 0.098649 0.210040 0.247144 0.238646 0.201468 0.278954 0.050589 1.000000 0.119897 0.184045 0.155942 0.112645 0.167069 0.095696 0.069551 0.000148 0.058296 0.013160
-0.007132 0.041945 -0.005060 0.033593 0.004332 -0.079000 0.044968 0.017677 -0.000432 0.048990 0.080304 0.165070 0.185373 0.167083 0.177848 0.241393 0.129486 0.119897 1.000000 0.085755 0.143561 0.117460 0.085446 0.071659 -0.010682 -0.000325 0.021423 -0.039030
0.045683 0.016561 0.042815 0.054164 -0.007049 -0.025273 0.046169 0.025308 0.029330 -0.016782 0.118471 0.130652 0.172963 0.133086 0.120118 0.161829 0.149733 0.184045 0.085755 1.000000 -0.000500 0.163599 0.132877 0.094402 -0.011189 0.037177 0.006117 0.002235
0.006671 0.007224 0.053020 -0.027930 -0.059132 0.029906 0.024817 0.048107 -0.020196 0.068913 0.022755 0.107536 0.113248 0.124432 0.103086 0.135482 0.082795 0.155942 0.143561 -0.000500 1.000000 -0.161557 0.100086 0.127820 -0.033202 0.037254 0.048985 -0.030603
0.041593 -0.017072 0.004787 -0.018013 -0.032673 -0.022399 0.046576 -0.050229 0.052531 -0.041967 0.012224 0.053485 0.063084 0.087651 0.025168 0.083382 0.064667 0.112645 0.117460 0.163599 -0.161557 1.000000 -0.055274 0.136304 0.019188 0.018436 -0.045838 0.049395
-0.012880 0.008691 -0.098514 0.006654 0.015554 -0.062280 -0.006690 0.027957 -0.006639 -0.004399 0.064044 0.013971 0.071982 0.045760 0.038546 0.131082 0.086962 0.167069 0.085446 0.132877 0.100086 -0.055274 1.000000 -0.063337 -0.032500 0.009118 0.007161 0.000251
-0.006297 0.008185 -0.003359 0.003177 0.035117 0.043749 0.005269 -0.043173 0.027879 -0.015231 -0.015406 -0.004911 0.025140 0.055674 0.050265 0.052706 0.036997 0.095696 0.071659 0.094402 0.127820 0.136304 -0.063337 1.000000 -0.036012 0.064090 0.008788 0.003512
-0.057696 0.020276 -0.014291 0.048517 0.032401 -0.011290 -0.045142 0.030077 0.011558 -0.030895 0.001320 -0.007164 -0.002808 0.017192 0.003313 0.027775 -0.006514 0.069551 -0.010682 -0.011189 -0.033202 0.019188 -0.032500 -0.036012 1.000000 -0.161606 0.022903 -0.046691
0.020796 -0.012429 0.024911 -0.020169 0.074901 -0.049028 0.038084 -0.008144 -0.026695 0.022856 -0.007850 0.001983 0.018428 -0.011104 0.022028 0.009895 0.008346 0.000148 -0.000325 0.037177 0.037254 0.018436 0.009118 0.064090 -0.161606 1.000000 -0.089040 0.015668
-0.064715 -0.029589 -0.027032 0.047520 0.038344 -0.045825 0.030766 0.024907 -0.003515 -0.001725 0.021769 0.036075 0.025502 0.016451 0.017793 0.038010 0.006450 0.058296 0.021423 0.006117 0.048985 -0.045838 0.007161 0.008788 0.022903 -0.089040 1.000000 -0.057922
0.108391 -0.118184 -0.033085 -0.066402 0.031828 -0.044412 0.031233 0.037801 -0.126943 0.099971 0.031785 -0.014222 0.006350 -0.041266 -0.003798 -0.009613 -0.053071 0.013160 -0.039030 0.002235 -0.030603 0.049395 0.000251 0.003512 -0.046691 0.015668 -0.057922 1.000000
