2998.105248 -3355.181175 1605.546483 2763.074502 -5126.320129 -55.898309 3963.328830 968.315094 -28.679643 -150.603461 1250.395322 -853.266662 521.402231 305.357504 -583.739473 2482.271398 -746.602772 1311.976992 -241.269199 229.817641 -658.918928 -145.768994 -204.441286 250.337126 839.420309 -832.760212 485.174273 -213.557931 -134.522871 -149.206210 555.138967 345.918000 -201.838002 -132.441310 -186.759771 -436.552200 -217.889701 -85.552303 141.712380 -45.383802 -70.813429 -25.117670 113.645846 -115.089849 -239.520132 -8.208988 -22.957462 20.880721 6.660029 -51.522676 72.153146 -77.735465 -135.774496 -81.749150
-3355.181175 60548.890095 -34656.280036 -8250.497681 -34532.419703 -2872.513247 -13458.035532 -10189.763422 -11069.285001 3243.072731 -4149.962790 6795.755441 -15504.829189 -2829.477406 -2546.843943 -4784.307867 2285.687435 -2989.379766 -2225.773940 5308.882821 2545.823712 -3340.336044 243.988689 -108.867615 -3644.097384 6141.266648 -3515.706997 -5088.378939 4607.172358 905.470383 -1695.271376 -347.320857 738.285415 -223.432652 811.601087 586.320460 -771.853355 997.501346 -1021.669738 -1079.284533 133.076399 764.910235 -1832.749512 662.896575 2761.934715 -25.854085 87.181820 69.700315 -39.827924 470.689900 -312.286334 666.551077 962.048239 -349.568125
1605.546483 -34656.280036 74598.922749 -15642.613748 22193.397480 7045.451078 6106.124158 20038.438497 -4818.317495 -988.759972 3372.472828 -19887.233011 12876.578692 -7021.711957 -1658.306880 12412.183381 -2139.280410 2545.769876 1576.332220 1062.809594 -4181.249811 10536.429771 -1498.275258 -5375.492501 2359.311152 -7633.770125 2074.923681 4782.221935 361.917936 -2141.683147 3694.801883 2146.445031 -3182.532535 3414.431279 1473.781420 1151.203341 1003.658444 -80.352945 326.802955 1489.575314 26.815483 -581.527194 5549.047391 -1968.219702 -4004.074866 49.173764 -20.483480 146.094556 -330.396676 -491.447939 621.657031 -1087.657511 -892.233676 390.262409
2763.074502 -8250.497681 -15642.613748 116516.338361 -39637.732924 -1859.451797 13568.645603 3141.128534 20005.273999 5014.216354 10255.492984 1478.128661 9922.182527 5538.278514 15370.718473 2748.364552 7418.311650 4468.445788 -2283.682223 7909.820147 -23.150704 6875.547930 953.492005 6664.105040 4688.324848 828.409819 -921.530713 -43.263011 2225.904473 -147.405567 967.317773 1231.564712 -1783.348295 -2164.878615 -2935.947977 -2975.081353 -1027.033700 -497.226986 960.975448 -985.355693 -480.344011 69.513470 -1990.803449 998.134791 2553.151981 -122.756363 84.856653 -160.714181 240.608265 -705.792723 279.146288 -240.451192 -526.148054 -117.926924
-5126.320129 -34532.419703 22193.397480 -39637.732924 146569.078031 1506.267285 -12930.892222 -3496.403260 7639.133705 -6815.214642 -5755.224403 -6279.755120 10255.758111 -507.113542 -6221.079240 -8085.687804 879.771496 -4612.380781 3225.265607 -7858.646287 3833.494304 -3932.225159 3850.639591 -6558.585305 -4208.034697 -5281.595688 3391.679465 3361.047996 -11784.656651 1245.506262 -2468.926547 -3952.106476 -2281.885904 222.698261 -783.522782 1465.187065 1655.649669 -112.174684 -160.403624 1776.584631 439.669688 -527.406738 3362.778304 -327.153172 -2614.164769 127.248903 -119.076571 -47.158293 171.587137 -189.661239 20.596590 -427.169743 417.942423 -380.285537
-55.898309 -2872.513247 7045.451078 -1859.451797 1506.267285 30138.717499 721.874924 8242.158501 -6627.553103 4605.008884 -4416.676599 -7693.099499 4373.894540 -372.824049 524.580238 4075.635846 3197.131510 736.462417 2439.383495 30.929882 -3021.792509 3037.463601 -803.885061 -572.002434 -1975.400144 -2384.066389 283.948885 390.258754 -234.875298 -1733.221947 -510.839644 -196.188679 -2156.918780 1294.664001 -32.692655 -24.990348 930.953170 444.602098 281.985925 670.572920 181.499867 -219.993412 897.519924 -216.240233 231.912354 7.930833 15.859409 246.851029 -284.778897 -130.819385 384.162976 -43.131556 -430.664204 -376.462272
3963.328830 -13458.035532 6106.124158 13568.645603 -12930.892222 721.874924 24692.174697 7036.223661 -1934.625651 8705.458346 -3990.745098 -4073.836789 8375.311181 1999.783927 554.717138 6668.468466 1129.896324 2969.033937 -1505.532814 550.698734 -5182.923047 3981.203833 -2869.147439 -326.636748 2170.424389 -1921.258472 1420.648646 625.000010 -1644.736299 -2215.174365 411.328180 696.427575 -1353.881339 174.315202 -1165.116391 -1234.138498 214.772879 -649.011731 744.523541 569.164993 -125.308862 -440.522199 414.739784 -520.201882 -542.458953 -27.291855 7.077551 6.167882 -107.273334 -210.966537 426.558697 -70.731329 -845.528404 -554.674456
968.315094 -10189.763422 20038.438497 3141.128534 -3496.403260 8242.158501 7036.223661 15370.699106 -5915.458035 3876.008298 -299.871985 -9628.284342 5977.269348 -4379.144150 1275.536978 4579.595778 -1034.569267 3191.840641 309.009073 295.789188 -2491.209951 4579.371590 -774.034541 -2131.532819 -334.181238 -2721.466307 1643.288990 1121.421852 104.471263 -2073.534120 656.521427 495.526580 -2608.134339 1854.123446 270.761460 -141.371115 624.756317 -85.316606 39.002497 857.435763 129.027511 -192.451162 1727.839050 -622.314890 -621.416160 12.385071 -19.532071 26.241585 -213.569563 -241.280709 455.389167 -518.890656 -483.814310 -300.270960
-28.679643 -11069.285001 -4818.317495 20005.273999 7639.133705 -6627.553103 -1934.625651 -5915.458035 17176.114146 -5238.759210 5702.398261 6020.308373 616.492509 4559.308640 2718.659684 -5193.411951 -74.603361 464.525538 -324.551577 -52.137409 3981.091903 -3113.709715 2447.699595 2670.166930 1941.224774 577.925355 -397.710556 123.449126 -578.155552 1699.091193 297.498334 218.536383 1272.850705 -2212.778598 -969.538036 -593.030324 -199.104206 -368.298415 299.207473 -551.268837 -245.295803 -7.137321 -762.546706 345.682381 -4.625981 -24.013937 29.582595 -106.337462 214.447711 -137.197690 -284.799826 111.175279 192.201130 328.268642
-150.603461 3243.072731 -988.759972 5014.216354 -6815.214642 4605.008884 8705.458346 3876.008298 -5238.759210 10457.839977 -4672.773351 -2597.991338 2441.804386 -260.206510 1552.348103 2469.338370 2151.416360 1860.792340 -541.888637 1156.552240 -1591.839740 4295.542903 -1469.483654 -804.518727 -925.423169 61.612490 153.684534 87.128384 158.140375 -1259.390401 -777.320298 274.479065 -1129.705608 987.566044 -120.924030 -351.560105 387.232701 110.869332 -56.383893 258.247069 73.781956 -97.553577 253.819105 -142.217885 598.550700 0.596953 16.829776 23.216721 -140.027380 -68.404160 264.431766 14.401346 -145.911205 -573.831545
1250.395322 -4149.962790 3372.472828 10255.492984 -5755.224403 -4416.676599 -3990.745098 -299.871985 5702.398261 -4672.773351 18296.325298 -823.697334 402.085253 2333.673952 919.850064 975.639988 -3264.701933 5022.338940 675.999652 8.523741 1321.591807 -1046.123869 1873.648475 2036.183327 952.569933 -634.030663 -342.986958 -1861.868415 653.035676 403.885823 1093.517829 1416.203616 -1104.771931 -1245.105876 592.195187 -336.700878 -147.347887 -170.323995 -213.369230 -235.432557 -201.293505 -61.033693 -65.638846 62.672437 711.026552 -37.642032 -12.926403 -192.623337 204.303040 -236.999333 115.310896 -90.105622 45.956989 117.063031
-853.266662 6795.755441 -19887.233011 1478.128661 -6279.755120 -7693.099499 -4073.836789 -9628.284342 6020.308373 -2597.991338 -823.697334 15411.526922 -8092.364683 4836.418734 736.215229 -5902.617902 -2250.511476 -1250.723861 -315.365714 -2545.249015 3279.141800 -5830.669342 807.854066 2501.033823 -404.241126 3552.783319 -1886.974320 -828.100993 132.212200 1760.365533 -1576.167285 -520.239258 2500.386820 -1890.883935 -591.827701 98.782289 -500.110762 -43.406944 439.104388 -1052.771424 -69.219989 29.553348 -2397.126793 729.875241 877.094995 -24.745423 26.864090 -53.993209 144.674017 287.807838 -481.103639 609.869910 440.220793 207.812490
521.402231 -15504.829189 12876.578692 9922.182527 10255.758111 4373.894540 8375.311181 5977.269348 616.492509 2441.804386 402.085253 -8092.364683 12671.453588 -1584.775283 1395.493596 4502.192768 1971.128989 839.785342 638.748075 1430.137375 -2332.452443 4521.200241 -788.933450 -509.153246 861.151086 -2668.064326 2003.818317 1700.236392 -1575.075451 -1130.540182 1089.257552 534.604730 -1705.919226 731.053909 -567.819642 -503.073326 347.451948 -190.145517 -40.544500 801.026854 -38.668512 -129.732137 1425.068777 -319.769389 -391.851393 1.332807 -1.629344 -8.064425 -20.360490 -315.110487 326.726385 -464.636715 -578.140745 -133.212281
305.357504 -2829.477406 -7021.711957 5538.278514 -507.113542 -372.824049 1999.783927 -4379.144150 4559.308640 -260.206510 2333.673952 4836.418734 -1584.775283 7404.713016 -1821.407975 -721.658195 262.296037 1200.577030 124.840343 -624.766118 -568.423202 -1221.953445 1004.177496 1222.460247 528.067315 61.388957 -529.601195 81.276534 36.873286 533.725862 -796.411683 -201.831140 567.074377 -1031.603582 -292.253773 -176.246734 -126.484426 -67.342777 163.680713 -345.415390 -99.325102 -230.165933 -1082.682521 224.055862 699.033652 -18.871118 -1.207175 -10.531455 68.457712 -3.606927 37.770218 230.453518 -24.079024 -25.548989
-583.739473 -2546.843943 -1658.306880 15370.718473 -6221.079240 524.580238 554.717138 1275.536978 2718.659684 1552.348103 919.850064 736.215229 1395.493596 -1821.407975 10712.667399 -2095.863483 1156.307892 -464.629414 1192.629165 -1204.808539 382.839886 1167.565923 -1020.342354 2548.894392 115.141574 1093.882292 -943.413235 -157.638123 -992.946134 -70.666535 133.105703 75.393907 -30.272845 -83.568270 -250.835810 -400.020193 -113.496989 -333.522345 537.122490 102.259551 5.920707 61.932807 -242.546611 36.324508 -281.859290 7.319738 47.269622 -87.746607 -47.099446 -42.739391 -157.236003 95.354123 17.425814 266.092812
2482.271398 -4784.307867 12412.183381 2748.364552 -8085.687804 4075.635846 6668.468466 4579.595778 -5193.411951 2469.338370 975.639988 -5902.617902 4502.192768 -721.658195 -2095.863483 15073.380294 -620.682666 1698.865519 750.697541 1668.980933 -3725.837159 4698.602916 -1792.415653 -139.236738 850.582025 -2224.697056 1322.465667 294.941672 601.507030 -985.467596 1856.668551 993.382563 -1512.690989 265.452514 -152.584270 -486.240388 109.330250 -169.946879 172.382260 162.326242 -39.920031 -187.510619 818.219073 -335.718837 5.318820 -42.168878 -38.184034 128.718348 -49.877970 -194.955175 345.028469 -337.105318 -566.963776 -368.992639
-746.602772 2285.687435 -2139.280410 7418.311650 879.771496 3197.131510 1129.896324 -1034.569267 -74.603361 2151.416360 -3264.701933 -2250.511476 1971.128989 262.296037 1156.307892 -620.682666 6401.844840 -1389.475819 225.979512 1650.308002 -337.171878 2740.597560 -521.995566 -151.026111 573.313530 -176.027031 -0.354564 295.549884 247.412204 -101.274196 132.208324 -340.893010 92.328907 382.987450 -70.888767 -76.620800 0.976849 21.509530 -97.582959 218.103847 -27.593503 8.095690 312.276125 -19.264163 3.998464 15.382231 39.524708 74.478332 -52.884228 -18.040881 28.955058 30.541848 -26.878954 32.953587
1311.976992 -2989.379766 2545.769876 4468.445788 -4612.380781 736.462417 2969.033937 3191.840641 464.525538 1860.792340 5022.338940 -1250.723861 839.785342 1200.577030 -464.629414 1698.865519 -1389.475819 6537.381871 -255.071877 -40.251331 334.895373 438.809349 937.753188 -45.023963 -192.871336 -597.038491 534.334332 -650.758865 68.345779 -685.116796 -6.329175 713.122021 -1179.860224 -135.708877 -61.609477 -408.121597 -1.152315 -48.375849 -75.536711 52.687193 -36.280530 -23.649138 79.923391 -83.210485 747.807599 -20.669501 -2.841118 -107.928917 -4.680302 -131.782798 209.623483 -109.898158 -80.563133 -260.782107
-241.269199 -2225.773940 1576.332220 -2283.682223 3225.265607 2439.383495 -1505.532814 309.009073 -324.551577 -541.888637 675.999652 -315.365714 638.748075 124.840343 1192.629165 750.697541 225.979512 -255.071877 2136.010264 -935.626207 55.600877 455.887268 -378.595866 350.999593 -339.909190 -178.552333 81.974963 299.929175 -387.667581 -36.183161 281.041381 -101.929754 -158.683678 253.357290 216.575563 115.596236 15.741262 -21.824903 9.734783 117.904950 18.477650 -17.344414 172.374417 -21.517252 31.881302 7.992291 6.694524 5.428119 -28.756926 9.156263 -7.969382 5.968680 -19.406583 37.268473
229.817641 5308.882821 1062.809594 7909.820147 -7858.646287 30.929882 550.698734 295.789188 -52.137409 1156.552240 8.523741 -2545.249015 1430.137375 -624.766118 -1204.808539 1668.980933 1650.308002 -40.251331 -935.626207 4460.743945 -204.561991 1997.821227 455.266846 -796.918073 786.361336 -267.384630 -28.998869 260.327189 2335.802904 -34.659042 609.637640 253.007487 -289.409364 525.734669 0.654815 -92.408752 -226.389433 295.807859 -429.786025 -211.341356 -66.497605 202.123287 362.676904 -6.012530 256.787063 -14.754047 2.561975 62.278872 -30.873265 -113.687286 118.008765 -207.553023 -18.364634 -89.085671
-658.918928 2545.823712 -4181.249811 -23.150704 3833.494304 -3021.792509 -5182.923047 -2491.209951 3981.091903 -1591.839740 1321.591807 3279.141800 -2332.452443 -568.423202 382.839886 -3725.837159 -337.171878 334.895373 55.600877 -204.561991 4384.905206 -2269.973063 1515.059164 222.144989 -708.967418 1163.225502 -166.996927 -390.220698 80.578713 703.673531 -121.137431 161.681531 663.801243 -700.911958 -38.682617 101.629036 50.577056 171.774763 -124.374029 -304.272811 -34.702982 134.697502 -149.137075 236.643275 235.025629 -0.383065 17.916977 -42.513531 88.215493 53.816205 -237.468396 73.077860 365.291313 38.113283
-145.768994 -3340.336044 10536.429771 6875.547930 -3932.225159 3037.463601 3981.203833 4579.371590 -3113.709715 4295.542903 -1046.123869 -5830.669342 4521.200241 -1221.953445 1167.565923 4698.602916 2740.597560 438.809349 455.887268 1997.821227 -2269.973063 7272.159171 -1466.590729 -701.000287 739.406032 -1395.769939 486.022778 1572.135677 1279.182408 -556.445914 625.817124 541.218711 -921.738764 1497.091066 447.321652 11.202370 157.843749 78.743089 -373.091858 427.842186 -4.273917 -77.741989 978.491072 -272.621419 20.730329 9.742988 7.548386 72.870685 -146.485844 -160.260502 287.566271 -294.218206 -270.796035 -59.755674
-204.441286 243.988689 -1498.275258 953.492005 3850.639591 -803.885061 -2869.147439 -774.034541 2447.699595 -1469.483654 1873.648475 807.854066 -788.933450 1004.177496 -1020.342354 -1792.415653 -521.995566 937.753188 -378.595866 455.266846 1515.059164 -1466.590729 2617.392420 -40.749583 -622.616910 -34.184710 280.104992 67.491351 24.566541 412.342565 -221.947266 2.201807 50.910952 -437.925120 -163.615484 3.514149 -8.949068 163.186235 -206.797528 -177.829973 -10.393759 -17.026981 -75.887841 189.129223 381.144071 -2.752986 1.987779 -46.017161 73.345977 -50.668943 -17.375335 -78.346088 151.457909 61.174096
250.337126 -108.867615 -5375.492501 6664.105040 -6558.585305 -572.002434 -326.636748 -2131.532819 2670.166930 -804.518727 2036.183327 2501.033823 -509.153246 1222.460247 2548.894392 -139.236738 -151.026111 -45.023963 350.999593 -796.918073 222.144989 -701.000287 -40.749583 2558.263936 190.233378 844.231291 -228.430497 -582.049902 -308.708355 419.281813 96.236793 272.012798 348.400863 -910.298353 -278.272146 -361.070938 -142.963881 -197.379353 219.224315 -178.376126 -65.368201 -9.649115 -668.738459 165.553600 362.121717 -12.689737 18.110535 -38.061336 67.886964 6.885574 -126.302187 149.358717 26.107984 88.257401
839.420309 -3644.097384 2359.311152 4688.324848 -4208.034697 -1975.400144 2170.424389 -334.181238 1941.224774 -925.423169 952.569933 -404.241126 861.151086 528.067315 115.141574 850.582025 573.313530 -192.871336 -339.909190 786.361336 -708.967418 739.406032 -622.616910 190.233378 1762.976654 -371.831756 -66.413313 145.972581 597.642507 70.026806 632.606919 101.523861 347.743313 40.597896 34.579573 -105.932627 -228.070083 -196.801601 91.203790 -37.923629 -83.364302 -1.039800 73.953716 -92.039704 -436.677799 -4.562426 -8.594845 21.263831 -7.551029 -33.820281 10.662507 -36.921446 -113.430578 73.064410
-832.760212 6141.266648 -7633.770125 828.409819 -5281.595688 -2384.066389 -1921.258472 -2721.466307 577.925355 61.612490 -634.030663 3552.783319 -2668.064326 61.388957 1093.882292 -2224.697056 -176.027031 -597.038491 -178.552333 -267.384630 1163.225502 -1395.769939 -34.184710 844.231291 -371.831756 2015.216196 -583.567569 -685.806009 272.091600 328.868681 -390.720740 -155.604328 715.004104 -404.178469 -153.187708 4.611954 -141.010419 2.354316 32.843103 -299.517748 -5.813069 138.976644 -725.069149 244.889016 390.739145 -6.852167 23.575666 -35.016774 32.366065 107.357771 -179.011064 231.709310 188.451699 28.716864
485.174273 -3515.706997 2074.923681 -921.530713 3391.679465 283.948885 1420.648646 1643.288990 -397.710556 153.684534 -342.986958 -1886.974320 2003.818317 -529.601195 -943.413235 1322.465667 -0.354564 534.334332 81.974963 -28.998869 -166.996927 486.022778 280.104992 -228.430497 -66.413313 -583.567569 1651.742177 443.050693 -590.657619 -88.254470 283.150278 -79.716159 -349.058230 8.494968 -93.774938 -158.748634 69.248097 -106.878194 -139.573290 256.598347 -3.427496 -19.997853 379.791935 -89.646359 -10.341251 4.895172 -15.773084 -2.416699 -6.843163 -62.307432 36.469824 -140.492216 -91.401200 -139.243701
-213.557931 -5088.378939 4782.221935 -43.263011 3361.047996 390.258754 625.000010 1121.421852 123.449126 87.128384 -1861.868415 -828.100993 1700.236392 81.276534 -157.638123 294.941672 295.549884 -650.758865 299.929175 260.327189 -390.220698 1572.135677 67.491351 -582.049902 145.972581 -685.806009 443.050693 1983.391879 393.255159 79.051652 98.700373 -33.268998 214.969254 577.824186 96.179180 206.066846 86.422798 143.919374 -145.260881 97.511616 1.096650 -32.198183 240.978688 -31.507713 -133.064460 10.944533 -6.664623 35.049816 -33.582724 -52.081217 38.702269 -154.083011 -88.902905 132.707061
-134.522871 4607.172358 361.917936 2225.904473 -11784.656651 -234.875298 -1644.736299 104.471263 -578.155552 158.140375 653.035676 132.212200 -1575.075451 36.873286 -992.946134 601.507030 247.412204 68.345779 -387.667581 2335.802904 80.578713 1279.182408 24.566541 -308.708355 597.642507 272.091600 -590.657619 393.255159 2962.884458 134.312631 244.498593 239.835377 441.781141 609.903438 421.216738 210.554470 -198.655860 303.578296 -342.695385 -308.664568 -40.376885 145.560097 -148.525163 61.005763 261.826386 -7.536378 -5.177107 68.320644 -41.782196 -1.942115 35.509878 -63.606341 65.562651 51.281072
-149.206210 905.470383 -2141.683147 -147.405567 1245.506262 -1733.221947 -2215.174365 -2073.534120 1699.091193 -1259.390401 403.885823 1760.365533 -1130.540182 533.725862 -70.666535 -985.467596 -101.274196 -685.116796 -36.183161 -34.659042 703.673531 -556.445914 412.342565 419.281813 70.026806 328.868681 -88.254470 79.051652 134.312631 796.774398 -4.818647 -108.522435 511.897999 -228.529064 52.258217 31.514100 -103.317436 48.711494 -136.477431 -164.875450 -24.744376 57.066670 -196.368494 100.347105 124.738260 3.806643 0.196089 2.746317 31.130086 15.990463 -82.854665 25.939153 118.872844 117.320898
555.138967 -1695.271376 3694.801883 967.317773 -2468.926547 -510.839644 411.328180 656.521427 297.498334 -777.320298 1093.517829 -1576.167285 1089.257552 -796.411683 133.105703 1856.668551 132.208324 -6.329175 281.041381 609.637640 -121.137431 625.817124 -221.947266 96.236793 632.606919 -390.720740 283.150278 98.700373 244.498593 -4.818647 1230.073005 155.809823 15.075809 -33.362343 82.351726 -114.540663 -62.382809 -99.399724 -1.615220 37.369057 -52.325239 24.652502 355.647848 -105.444303 -174.932220 -3.997294 -5.566828 22.103922 20.808091 -54.661608 -1.063109 -91.229934 -77.496632 64.833002
345.918000 -347.320857 2146.445031 1231.564712 -3952.106476 -196.188679 696.427575 495.526580 218.536383 274.479065 1416.203616 -520.239258 534.604730 -201.831140 75.393907 993.382563 -340.893010 713.122021 -101.929754 253.007487 161.681531 541.218711 2.201807 272.012798 101.523861 -155.604328 -79.716159 -33.268998 239.835377 -108.522435 155.809823 744.954072 -191.581864 -83.442571 71.356128 -59.684242 107.477259 34.745440 -11.790947 -41.487428 -31.845180 -23.730011 94.745865 -44.746436 107.009636 -8.151944 16.096557 -16.384217 13.322000 -33.871342 26.858692 -34.752864 -41.076748 16.058527
-201.838002 738.285415 -3182.532535 -1783.348295 -2281.885904 -2156.918780 -1353.881339 -2608.134339 1272.850705 -1129.705608 -1104.771931 2500.386820 -1705.919226 567.074377 -30.272845 -1512.690989 92.328907 -1179.860224 -158.683678 -289.409364 663.801243 -921.738764 50.910952 348.400863 347.743313 715.004104 -349.058230 214.969254 441.781141 511.897999 15.075809 -191.581864 1239.696106 -266.689510 -3.248105 93.101464 -134.436564 26.350701 15.166927 -204.442631 -33.778803 60.523629 -443.237929 147.913081 -44.506357 1.001223 4.437942 11.329232 35.085354 84.379808 -149.026875 112.640357 97.630289 184.380356
-132.441310 -223.432652 3414.431279 -2164.878615 222.698261 1294.664001 174.315202 1854.123446 -2212.778598 987.566044 -1245.105876 -1890.883935 731.053909 -1031.603582 -83.568270 265.452514 382.987450 -135.708877 253.357290 525.734669 -700.911958 1497.091066 -437.925120 -910.298353 40.597896 -404.178469 8.494968 577.824186 609.903438 -228.529064 -33.362343 -83.442571 -266.689510 1265.700499 386.910928 229.707795 -57.210004 149.428175 -203.476176 104.270899 62.216966 77.263257 355.934286 -106.125231 -214.473191 19.961349 -11.642389 42.435491 -94.208524 -1.688498 111.683671 -115.312673 -12.542617 -23.168966
-186.759771 811.601087 1473.781420 -2935.947977 -783.522782 -32.692655 -1165.116391 270.761460 -969.538036 -120.924030 592.195187 -591.827701 -567.819642 -292.253773 -250.835810 -152.584270 -70.888767 -61.609477 216.575563 0.654815 -38.682617 447.321652 -163.615484 -278.272146 34.579573 -153.187708 -93.774938 96.179180 421.216738 52.258217 82.351726 71.356128 -3.248105 386.910928 428.945684 193.335775 17.113096 58.686291 -146.861192 43.014370 14.749812 19.743812 149.850413 -65.596107 -50.774186 9.219756 -4.842394 11.492711 -29.479429 11.885028 20.314030 -26.867103 40.736521 22.666136
-436.552200 586.320460 1151.203341 -2975.081353 1465.187065 -24.990348 -1234.138498 -141.371115 -593.030324 -351.560105 -336.700878 98.782289 -503.073326 -176.246734 -400.020193 -486.240388 -76.620800 -408.121597 115.596236 -92.408752 101.629036 11.202370 3.514149 -361.070938 -105.932627 4.611954 -158.748634 206.066846 210.554470 31.514100 -114.540663 -59.684242 93.101464 229.707795 193.335775 253.411606 3.346152 63.149279 -30.755116 12.506744 22.561232 -3.765604 80.686046 -16.832180 -128.820805 5.918906 -1.547523 16.175221 -21.741088 29.135214 -15.269905 1.921746 34.162420 34.345910
-217.889701 -771.853355 1003.658444 -1027.033700 1655.649669 930.953170 214.772879 624.756317 -199.104206 387.232701 -147.347887 -500.110762 347.451948 -126.484426 -113.496989 109.330250 0.976849 -1.152315 15.741262 -226.389433 50.577056 157.843749 -8.949068 -142.963881 -228.070083 -141.010419 69.248097 86.422798 -198.655860 -103.317436 -62.382809 107.477259 -134.436564 -57.210004 17.113096 3.346152 301.534041 8.317924 18.043301 43.418850 10.448443 -50.763221 71.821174 -26.816712 5.307750 -1.103121 6.700165 5.083234 5.706504 -21.154401 16.879685 -0.740635 -17.169911 -21.372574
-85.552303 997.501346 -80.352945 -497.226986 -112.174684 444.602098 -649.011731 -85.316606 -368.298415 110.869332 -170.323995 -43.406944 -190.145517 -67.342777 -333.522345 -169.946879 21.509530 -48.375849 -21.824903 295.807859 171.774763 78.743089 163.186235 -197.379353 -196.801601 2.354316 -106.878194 143.919374 303.578296 48.711494 -99.399724 34.745440 26.350701 149.428175 58.686291 63.149279 8.317924 147.759133 -90.165625 -47.998324 4.879465 31.344252 8.488392 26.832317 95.086122 0.921045 0.926614 6.279115 -2.237642 2.971580 11.311778 -14.032745 29.482892 12.884002
141.712380 -1021.669738 326.802955 960.975448 -160.403624 281.985925 744.523541 39.002497 299.207473 -56.383893 -213.369230 439.104388 -40.544500 163.680713 537.122490 172.382260 -97.582959 -75.536711 9.734783 -429.786025 -124.374029 -373.091858 -206.797528 219.224315 91.203790 32.843103 -139.573290 -145.260881 -342.695385 -136.477431 -1.615220 -11.790947 15.166927 -203.476176 -146.861192 -30.755116 18.043301 -90.165625 275.086638 -2.876990 0.028255 -44.305556 -60.389326 -25.131254 -211.458783 -3.823301 3.405589 6.957458 -0.912462 13.277890 -31.077778 57.551397 -39.681663 8.696655
-45.383802 -1079.284533 1489.575314 -985.355693 1776.584631 670.572920 569.164993 857.435763 -551.268837 258.247069 -235.432557 -1052.771424 801.026854 -345.415390 102.259551 162.326242 218.103847 52.687193 117.904950 -211.341356 -304.272811 427.842186 -177.829973 -178.376126 -37.923629 -299.517748 256.598347 97.511616 -308.664568 -164.875450 37.369057 -41.487428 -204.442631 104.270899 43.014370 12.506744 43.418850 -47.998324 -2.876990 187.574904 15.114807 -28.730812 210.015062 -71.929168 -119.284418 5.415878 -1.792699 0.674771 -20.847535 -9.948447 24.223919 -28.112640 -45.845102 -19.462537
-70.813429 133.076399 26.815483 -480.344011 439.669688 181.499867 -125.308862 129.027511 -245.295803 73.781956 -201.293505 -69.219989 -38.668512 -99.325102 5.920707 -39.920031 -27.593503 -36.280530 18.477650 -66.497605 -34.702982 -4.273917 -10.393759 -65.368201 -83.364302 -5.813069 -3.427496 1.096650 -40.376885 -24.744376 -52.325239 -31.845180 -33.778803 62.216966 14.749812 22.561232 10.448443 4.879465 0.028255 15.114807 13.764606 3.171942 7.288451 -1.771649 -11.538396 1.561607 -1.199580 2.006078 -6.636608 4.911491 3.947410 -3.479682 4.093465 -9.045570
-25.117670 764.910235 -581.527194 69.513470 -527.406738 -219.993412 -440.522199 -192.451162 -7.137321 -97.553577 -61.033693 29.553348 -129.732137 -230.165933 61.932807 -187.510619 8.095690 -23.649138 -17.344414 202.123287 134.697502 -77.741989 -17.026981 -9.649115 -1.039800 138.976644 -19.997853 -32.198183 145.560097 57.066670 24.652502 -23.730011 60.523629 77.263257 19.743812 -3.765604 -50.763221 31.344252 -44.305556 -28.730812 3.171942 70.666051 -35.021964 21.345675 41.583888 0.676379 -0.010402 0.411540 -5.219185 7.706708 -11.405302 -3.330945 23.980794 6.027689
113.645846 -1832.749512 5549.047391 -1990.803449 3362.778304 897.519924 414.739784 1727.839050 -762.546706 253.819105 -65.638846 -2397.126793 1425.068777 -1082.682521 -242.546611 818.219073 312.276125 79.923391 172.374417 362.676904 -149.137075 978.491072 -75.887841 -668.738459 73.953716 -725.069149 379.791935 240.978688 -148.525163 -196.368494 355.647848 94.745865 -443.237929 355.934286 149.850413 80.686046 71.821174 8.488392 -60.389326 210.015062 7.288451 -35.021964 705.675055 -206.321345 -383.320719 9.364073 -3.641374 14.467450 -34.352330 -46.041034 55.982752 -114.739084 -50.515016 -29.375821
-115.089849 662.896575 -1968.219702 998.134791 -327.153172 -216.240233 -520.201882 -622.314890 345.682381 -142.217885 62.672437 729.875241 -319.769389 224.055862 36.324508 -335.718837 -19.264163 -83.210485 -21.517252 -6.012530 236.643275 -272.621419 189.129223 165.553600 -92.039704 244.889016 -89.646359 -31.507713 61.005763 100.347105 -105.444303 -44.746436 147.913081 -106.125231 -65.596107 -16.832180 -26.816712 26.832317 -25.131254 -71.929168 -1.771649 21.345675 -206.321345 112.875395 180.023100 -3.182062 0.784196 -4.312304 17.997419 8.693850 -18.824945 22.576176 27.087480 12.898649
-239.520132 2761.934715 -4004.074866 2553.151981 -2614.164769 231.912354 -542.458953 -621.416160 -4.625981 598.550700 711.026552 877.094995 -391.851393 699.033652 -281.859290 5.318820 3.998464 747.807599 31.881302 256.787063 235.025629 20.730329 381.144071 362.121717 -436.677799 390.739145 -10.341251 -133.064460 261.826386 124.738260 -174.932220 107.009636 -44.506357 -214.473191 -50.774186 -128.820805 5.307750 95.086122 -211.458783 -119.284418 -11.538396 41.583888 -383.320719 180.023100 860.150409 -11.054928 7.481039 -32.091774 35.838879 -22.689336 26.543385 12.536248 38.362718 -68.898891
-8.208988 -25.854085 49.173764 -122.756363 127.248903 7.930833 -27.291855 12.385071 -24.013937 0.596953 -37.642032 -24.745423 1.332807 -18.871118 7.319738 -42.168878 15.382231 -20.669501 7.992291 -14.754047 -0.383065 9.742988 -2.752986 -12.689737 -4.562426 -6.852167 4.895172 10.944533 -7.536378 3.806643 -3.997294 -8.151944 1.001223 19.961349 9.219756 5.918906 -1.103121 0.921045 -3.823301 5.415878 1.561607 0.676379 9.364073 -3.182062 -11.054928 0.940179 -0.278355 0.782391 -1.439965 1.156112 0.168644 -0.892293 2.114350 2.291367
-22.957462 87.181820 -20.483480 84.856653 -119.076571 15.859409 7.077551 -19.532071 29.582595 16.829776 -12.926403 26.864090 -1.629344 -1.207175 47.269622 -38.184034 39.524708 -2.841118 6.694524 2.561975 17.916977 7.548386 1.987779 18.110535 -8.594845 23.575666 -15.773084 -6.664623 -5.177107 0.196089 -5.566828 16.096557 4.437942 -11.642389 -4.842394 -1.547523 6.700165 0.926614 3.405589 -1.792699 -1.199580 -0.010402 -3.641374 0.784196 7.481039 -0.278355 2.641634 -1.288131 -0.184985 0.498704 -2.350435 4.036554 0.275977 5.476253
20.880721 69.700315 146.094556 -160.714181 -47.158293 246.851029 6.167882 26.241585 -106.337462 23.216721 -192.623337 -53.993209 -8.064425 -10.531455 -87.746607 128.718348 74.478332 -107.928917 5.428119 62.278872 -42.513531 72.870685 -46.017161 -38.061336 21.263831 -35.016774 -2.416699 35.049816 68.320644 2.746317 22.103922 -16.384217 11.329232 42.435491 11.492711 16.175221 5.083234 6.279115 6.957458 0.674771 2.006078 0.411540 14.467450 -4.312304 -32.091774 0.782391 -1.288131 15.298259 -6.202481 2.032515 0.946545 -1.549640 -3.476394 -2.577079
6.660029 -39.827924 -330.396676 240.608265 171.587137 -284.778897 -107.273334 -213.569563 214.447711 -140.027380 204.303040 144.674017 -20.360490 68.457712 -47.099446 -49.877970 -52.884228 -4.680302 -28.756926 -30.873265 88.215493 -146.485844 73.345977 67.886964 -7.551029 32.366065 -6.843163 -33.582724 -41.782196 31.130086 20.808091 13.322000 35.085354 -94.208524 -29.479429 -21.741088 5.706504 -2.237642 -0.912462 -20.847535 -6.636608 -5.219185 -34.352330 17.997419 35.838879 -1.439965 -0.184985 -6.202481 18.630181 -2.198042 -6.678969 5.026747 6.387556 9.799396
-51.522676 470.689900 -491.447939 -705.792723 -189.661239 -130.819385 -210.966537 -241.280709 -137.197690 -68.404160 -236.999333 287.807838 -315.110487 -3.606927 -42.739391 -194.955175 -18.040881 -131.782798 9.156263 -113.687286 53.816205 -160.260502 -50.668943 6.885574 -33.820281 107.357771 -62.307432 -52.081217 -1.942115 15.990463 -54.661608 -33.871342 84.379808 -1.688498 11.885028 29.135214 -21.154401 2.971580 13.277890 -9.948447 4.911491 7.706708 -46.041034 8.693850 -22.689336 1.156112 0.498704 2.032515 -2.198042 22.427370 -15.891239 20.046130 14.267117 10.237374
72.153146 -312.286334 621.657031 279.146288 20.596590 384.162976 426.558697 455.389167 -284.799826 264.431766 115.310896 -481.103639 326.726385 37.770218 -157.236003 345.028469 28.955058 209.623483 -7.969382 118.008765 -237.468396 287.566271 -17.375335 -126.302187 10.662507 -179.011064 36.469824 38.702269 35.509878 -82.854665 -1.063109 26.858692 -149.026875 111.683671 20.314030 -15.269905 16.879685 11.311778 -31.077778 24.223919 3.947410 -11.405302 55.982752 -18.824945 26.543385 0.168644 -2.350435 0.946545 -6.678969 -15.891239 41.565805 -26.977267 -24.756643 -22.762109
-77.735465 666.551077 -1087.657511 -240.451192 -427.169743 -43.131556 -70.731329 -518.890656 111.175279 14.401346 -90.105622 609.869910 -464.636715 230.453518 95.354123 -337.105318 30.541848 -109.898158 5.968680 -207.553023 73.077860 -294.218206 -78.346088 149.358717 -36.921446 231.709310 -140.492216 -154.083011 -63.606341 25.939153 -91.229934 -34.752864 112.640357 -115.312673 -26.867103 1.921746 -0.740635 -14.032745 57.551397 -28.112640 -3.479682 -3.330945 -114.739084 22.576176 12.536248 -0.892293 4.036554 -1.549640 5.026747 20.046130 -26.977267 71.129761 18.341105 7.884778
-135.774496 962.048239 -892.233676 -526.148054 417.942423 -430.664204 -845.528404 -483.814310 192.201130 -145.911205 45.956989 440.220793 -578.140745 -24.079024 17.425814 -566.963776 -26.878954 -80.563133 -19.406583 -18.364634 365.291313 -270.796035 151.457909 26.107984 -113.430578 188.451699 -91.401200 -88.902905 65.562651 118.872844 -77.496632 -41.076748 97.630289 -12.542617 40.736521 34.162420 -17.169911 29.482892 -39.681663 -45.845102 4.093465 23.980794 -50.515016 27.087480 38.362718 2.114350 0.275977 -3.476394 6.387556 14.267117 -24.756643 18.341105 63.027188 0.954002
-81.749150 -349.568125 390.262409 -117.926924 -380.285537 -376.462272 -554.674456 -300.270960 328.268642 -573.831545 117.063031 207.812490 -133.212281 -25.548989 266.092812 -368.992639 32.953587 -260.782107 37.268473 -89.085671 38.113283 -59.755674 61.174096 88.257401 73.064410 28.716864 -139.243701 132.707061 51.281072 117.320898 64.833002 16.058527 184.380356 -23.168966 22.666136 34.345910 -21.372574 12.884002 8.696655 -19.462537 -9.045570 6.027689 -29.375821 12.898649 -68.898891 2.291367 5.476253 -2.577079 9.799396 10.237374 -22.762109 7.884778 0.954002 146.719775
