1.000000 -0.249023 0.107358 0.147834 -0.244546 -0.005880 0.460635 0.142642 -0.003997 -0.026896 0.168827 -0.125527 0.084593 0.064808 -0.103002 0.369250 -0.170417 0.296347 -0.095340 0.062843 -0.181731 -0.031218 -0.072981 0.090392 0.365118 -0.338794 0.218023 -0.087577 -0.045135 -0.096537 0.289077 0.231465 -0.104694 -0.067988 -0.164687 -0.500841 0.229163 -0.128538 0.156045 0.060519 0.348586 0.054570 -0.078132 0.197840 -0.149153 -0.154618 -0.257967 0.097499 0.028180 -0.198694 0.204392 -0.168333 -0.312342 -0.123258
-0.249023 1.000000 -0.515659 -0.098228 -0.366566 -0.067243 -0.348056 -0.334014 -0.343245 0.128879 -0.124684 0.222465 -0.559758 -0.133628 -0.100000 -0.158366 0.116094 -0.150254 -0.195716 0.323033 0.156241 -0.159186 0.019381 -0.008747 -0.352707 0.555961 -0.351551 -0.464325 0.343973 0.130363 -0.196436 -0.051715 0.085215 -0.025523 0.159253 0.149682 0.180640 0.333490 -0.250336 0.320255 -0.145769 -0.369787 0.280380 -0.253567 0.382713 -0.108360 0.217990 0.072420 -0.037500 0.403917 -0.196848 0.321185 0.492470 -0.117283
0.107358 -0.515659 1.000000 -0.167784 0.212244 0.148587 0.142272 0.591767 -0.134607 -0.035400 0.091285 -0.586523 0.418814 -0.298760 -0.058661 0.370149 -0.097892 0.115279 0.124876 0.058262 -0.231185 0.452372 -0.107224 -0.389116 0.205729 -0.622604 0.186924 0.393151 0.024344 -0.277793 0.385709 0.287931 -0.330940 0.351388 0.260535 0.264772 -0.211617 -0.024202 0.072141 -0.398207 -0.026463 0.253279 -0.764803 0.678278 -0.499860 0.185679 -0.046142 0.136756 -0.280260 -0.379946 0.353034 -0.472172 -0.411480 0.117963
0.147834 -0.098228 -0.167784 1.000000 -0.303315 -0.031378 0.252967 0.074224 0.447186 0.143644 0.222117 0.034882 0.258226 0.188550 0.435063 0.065581 0.271618 0.161905 -0.144757 0.346952 -0.001024 0.236201 0.054600 0.385990 0.327115 0.054062 -0.066427 -0.002846 0.119800 -0.015299 0.080800 0.132190 -0.148383 -0.178269 -0.415292 -0.547510 0.173270 -0.119835 0.169740 0.210772 0.379295 -0.024225 0.219550 -0.275230 0.255033 -0.370890 0.152952 -0.120376 0.163308 -0.436611 0.126844 -0.083523 -0.194156 -0.028522
-0.244546 -0.366566 0.212244 -0.303315 1.000000 0.022663 -0.214945 -0.073664 0.152251 -0.174075 -0.111137 -0.132129 0.237976 -0.015393 -0.156999 -0.172025 0.028721 -0.149005 0.182282 -0.307343 0.151215 -0.120444 0.196597 -0.338701 -0.261779 -0.307315 0.217983 0.197128 -0.565508 0.115254 -0.183875 -0.378218 -0.169284 0.016350 -0.098816 0.240413 -0.249046 -0.024104 -0.025261 -0.338826 -0.309545 0.163877 -0.330655 0.080432 -0.232822 0.342790 -0.191368 -0.031493 0.103838 -0.104609 0.008345 -0.132298 0.137509 -0.082006
-0.005880 -0.067243 0.148587 -0.031378 0.022663 1.000000 0.026462 0.382941 -0.291292 0.259386 -0.188084 -0.356957 0.223817 -0.024957 0.029194 0.191218 0.230168 0.052467 0.304030 0.002668 -0.262859 0.205171 -0.090510 -0.065142 -0.271000 -0.305911 0.040245 0.050476 -0.024855 -0.353691 -0.083899 -0.041404 -0.352869 0.209618 -0.009093 -0.009043 -0.308814 0.210684 0.097933 -0.282031 -0.281794 0.150745 -0.194616 0.117240 0.045549 0.047114 0.056207 0.363539 -0.380047 -0.159118 0.343230 -0.029458 -0.312473 -0.179025
0.460635 -0.348056 0.142272 0.252967 -0.214945 0.026462 1.000000 0.361171 -0.093941 0.541740 -0.187755 -0.208834 0.473487 0.147894 0.034107 0.345654 0.089868 0.233686 -0.207305 0.052472 -0.498098 0.297100 -0.356894 -0.041097 0.328959 -0.272361 0.222452 0.089309 -0.192291 -0.499414 0.074635 0.162380 -0.244705 0.031181 -0.358005 -0.493368 -0.078710 -0.339778 0.285670 -0.264467 0.214941 0.333490 -0.099356 0.311597 -0.117706 -0.179122 0.027712 0.010035 -0.158163 -0.283495 0.421047 -0.053371 -0.677773 -0.291417
0.142642 -0.334014 0.591767 0.074224 -0.073664 0.382941 0.361171 1.000000 -0.364065 0.305715 -0.017882 -0.625575 0.428295 -0.410477 0.099403 0.300867 -0.104294 0.318414 0.053929 0.035722 -0.303447 0.433139 -0.122034 -0.339917 -0.064197 -0.488985 0.326134 0.203104 0.015481 -0.592511 0.150986 0.146439 -0.597483 0.420365 0.105448 -0.071631 -0.290199 -0.056612 0.018968 -0.504972 -0.280513 0.184658 -0.524631 0.472459 -0.170903 0.103026 -0.096932 0.054116 -0.399102 -0.410948 0.569728 -0.496253 -0.491550 -0.199950
-0.003997 -0.343245 -0.134607 0.447186 0.152251 -0.291292 -0.093941 -0.364065 1.000000 -0.390881 0.321672 0.370027 0.041788 0.404280 0.200421 -0.322764 -0.007114 0.043837 -0.053582 -0.005956 0.458733 -0.278602 0.365057 0.402813 0.352769 0.098231 -0.074668 0.021151 -0.081045 0.459290 0.064723 0.061094 0.275840 -0.474581 -0.357192 -0.284250 0.087488 -0.231185 0.137650 0.307124 0.504482 0.006478 0.219029 -0.248265 -0.001204 -0.188971 0.138879 -0.207445 0.379097 -0.221052 -0.337062 0.100582 0.184727 0.206787
-0.026896 0.128879 -0.035400 0.143644 -0.174075 0.259386 0.541740 0.305715 -0.390881 1.000000 -0.337809 -0.204642 0.212118 -0.029569 0.146663 0.196677 0.262937 0.225048 -0.114654 0.169333 -0.235071 0.492567 -0.280873 -0.155540 -0.215524 0.013421 0.036978 0.019131 0.028410 -0.436286 -0.216727 0.098338 -0.313752 0.271444 -0.057094 -0.215956 -0.218063 0.089189 -0.033243 -0.184386 -0.194468 0.113479 -0.093433 0.130898 0.199569 0.006020 0.101256 0.058044 -0.317237 -0.141245 0.401074 0.016698 -0.179723 -0.463254
0.168827 -0.124684 0.091285 0.222117 -0.111137 -0.188084 -0.187755 -0.017882 0.321672 -0.337809 1.000000 -0.049053 0.026407 0.200495 0.065703 0.058749 -0.301654 0.459221 0.108134 0.000944 0.147549 -0.090692 0.270752 0.297620 0.167723 -0.104416 -0.062391 -0.309074 0.088695 0.105781 0.230504 0.383600 -0.231971 -0.258737 0.211389 -0.156368 0.062733 -0.103590 -0.095108 0.127086 0.401112 0.053676 0.018267 -0.043611 0.179232 -0.287003 -0.058798 -0.364088 0.349933 -0.369978 0.132227 -0.078985 0.042796 0.071449
-0.125527 0.222465 -0.586523 0.034882 -0.132129 -0.356957 -0.208834 -0.625575 0.370027 -0.204642 -0.049053 1.000000 -0.579081 0.452738 0.057297 -0.387272 -0.226572 -0.124605 -0.054965 -0.306976 0.398894 -0.550762 0.127197 0.398313 -0.077552 0.637507 -0.374000 -0.149781 0.019566 0.502357 -0.362005 -0.153538 0.572040 -0.428131 -0.230182 0.049985 0.231993 -0.028765 0.213260 0.619190 0.150289 -0.028319 0.726885 -0.553383 0.240900 -0.205573 0.133141 -0.111198 0.269997 0.489543 -0.601101 0.582490 0.446667 0.138199
0.084593 -0.559758 0.418814 0.258226 0.237976 0.223817 0.473487 0.428295 0.041788 0.212118 0.026407 -0.579081 1.000000 -0.163606 0.119775 0.325766 0.218851 0.092268 0.122776 0.190222 -0.312910 0.470987 -0.136991 -0.089426 0.182198 -0.527986 0.438000 0.339150 -0.257058 -0.355799 0.275900 0.174002 -0.430415 0.182545 -0.243554 -0.280740 -0.177752 -0.138962 -0.021716 -0.519573 0.092590 0.137097 -0.476563 0.267377 -0.118692 0.012211 -0.008906 -0.018316 -0.041905 -0.591099 0.450197 -0.489412 -0.646929 -0.097698
0.064808 -0.133628 -0.298760 0.188550 -0.015393 -0.024957 0.147894 -0.410477 0.404280 -0.029569 0.200495 0.452738 -0.163606 1.000000 -0.204505 -0.068308 0.038096 0.172558 0.031391 -0.108708 -0.099756 -0.166521 0.228098 0.280872 0.146154 0.015892 -0.151434 0.021208 0.007872 0.219734 -0.263887 -0.085935 0.187167 -0.336972 -0.163985 -0.128663 0.084648 -0.064381 0.114686 0.293089 0.311116 0.318186 0.473636 -0.245077 0.276985 -0.226172 -0.008631 -0.031291 0.184315 -0.008851 0.068081 0.317544 -0.035247 -0.024512
-0.103002 -0.100000 -0.058661 0.435063 -0.156999 0.029194 0.034107 0.099403 0.200421 0.146663 0.065703 0.057297 0.119775 -0.204505 1.000000 -0.164933 0.139628 -0.055521 0.249319 -0.174287 0.055858 0.132282 -0.192692 0.486889 0.026495 0.235430 -0.224276 -0.034199 -0.176246 -0.024188 0.036668 0.026688 -0.008307 -0.022695 -0.117014 -0.242784 0.063149 -0.265093 0.312889 -0.072139 -0.015419 -0.071181 0.088215 -0.033033 -0.092853 0.072936 0.280994 -0.216751 -0.105429 -0.087195 -0.235632 0.109236 0.021207 0.212246
0.369250 -0.158366 0.370149 0.065581 -0.172025 0.191218 0.345654 0.300867 -0.322764 0.196677 0.058749 -0.387272 0.325766 -0.068308 -0.164933 1.000000 -0.063185 0.171140 0.132299 0.203537 -0.458288 0.448778 -0.285364 -0.022422 0.165001 -0.403650 0.265038 0.053942 0.090007 -0.284361 0.431185 0.296447 -0.349935 0.060774 -0.060007 -0.248790 -0.051282 -0.113876 0.084655 -0.096537 0.087640 0.181683 -0.250878 0.257378 0.001477 -0.354227 -0.191355 0.268049 -0.094123 -0.335305 0.435895 -0.325563 -0.581683 -0.248124
-0.170417 0.116094 -0.097892 0.271618 0.028721 0.230168 0.089868 -0.104294 -0.007114 0.262937 -0.301654 -0.226572 0.218851 0.038096 0.139628 -0.063185 1.000000 -0.214781 0.061110 0.308822 -0.063638 0.401662 -0.127520 -0.037319 0.170654 -0.049008 -0.000109 0.082942 0.056808 -0.044841 0.047113 -0.156099 0.032774 0.134545 -0.042778 -0.060156 -0.000703 0.022116 -0.073534 -0.199032 0.092955 -0.012036 -0.146921 0.022662 0.001704 0.198272 0.303934 0.237989 -0.153132 -0.047612 0.056131 0.045260 -0.042315 0.034002
0.296347 -0.150254 0.115279 0.161905 -0.149005 0.052467 0.233686 0.318414 0.043837 0.225048 0.459221 -0.124605 0.092268 0.172558 -0.055521 0.171140 -0.214781 1.000000 -0.068259 -0.007454 0.062550 0.063642 0.226700 -0.011010 -0.056812 -0.164490 0.162607 -0.180723 0.015529 -0.300189 -0.002232 0.323145 -0.414449 -0.047178 -0.036791 -0.317084 0.000821 -0.049221 -0.056328 -0.047579 0.120946 0.034794 -0.037211 0.096867 0.315356 -0.263647 -0.021620 -0.341283 -0.013411 -0.344166 0.402133 -0.161162 -0.125508 -0.266276
-0.095340 -0.195716 0.124876 -0.144757 0.182282 0.304030 -0.207305 0.053929 -0.053582 -0.114654 0.108134 -0.054965 0.122776 0.031391 0.249319 0.132299 0.061110 -0.068259 1.000000 -0.303108 0.018168 0.115671 -0.160118 0.150152 -0.175161 -0.086060 0.043642 0.145718 -0.154099 -0.027736 0.173382 -0.080804 -0.097515 0.154087 0.226259 0.157119 -0.019614 -0.038848 0.012700 -0.186270 -0.107761 0.044643 -0.140401 0.043821 0.023521 0.178346 0.089121 0.030028 -0.144156 0.041834 -0.026746 0.015313 -0.052891 0.066573
0.062843 0.323033 0.058262 0.346952 -0.307343 0.002668 0.052472 0.035722 -0.005956 0.169333 0.000944 -0.306976 0.190222 -0.108708 -0.174287 0.203537 0.308822 -0.007454 -0.303108 1.000000 -0.046253 0.350769 0.133238 -0.235905 0.280411 -0.089181 -0.010683 0.087521 0.642503 -0.018384 0.260257 0.138792 -0.123070 0.221257 0.000473 -0.086915 0.195202 0.364358 -0.387984 0.231043 0.268362 -0.360004 -0.204416 0.008473 0.131094 -0.227826 0.023601 0.238405 -0.107095 -0.359434 0.274058 -0.368468 -0.034635 -0.110118
-0.181731 0.156241 -0.231185 -0.001024 0.151215 -0.262859 -0.498098 -0.303447 0.458733 -0.235071 0.147549 0.398894 -0.312910 -0.099756 0.055858 -0.458288 -0.063638 0.062550 0.018168 -0.046253 1.000000 -0.401984 0.447214 0.066326 -0.254990 0.391312 -0.062052 -0.132320 0.022355 0.376464 -0.052159 0.089457 0.284708 -0.297521 -0.028206 0.096411 -0.043985 0.213404 -0.113244 0.335502 0.141255 -0.241977 0.084782 -0.336368 0.121017 -0.005966 0.166475 -0.164144 0.308643 0.171610 -0.556234 0.130852 0.694857 0.047517
-0.031218 -0.159186 0.452372 0.236201 -0.120444 0.205171 0.297100 0.433139 -0.278602 0.492567 -0.090692 -0.550762 0.470987 -0.166521 0.132282 0.448778 0.401662 0.063642 0.115671 0.350769 -0.401984 1.000000 -0.336158 -0.162523 0.206504 -0.364604 0.140234 0.413956 0.275577 -0.231166 0.209243 0.232529 -0.306986 0.493459 0.253272 0.008252 -0.106593 0.075963 -0.263785 -0.366323 0.013509 0.108447 -0.431939 0.300904 0.008289 0.117830 0.054461 0.218474 -0.397975 -0.396831 0.523044 -0.409084 -0.399988 -0.057850
-0.072981 0.019381 -0.107224 0.054600 0.196597 -0.090510 -0.356894 -0.122034 0.365057 -0.280873 0.270752 0.127197 -0.136991 0.228098 -0.192692 -0.285364 -0.127520 0.226700 -0.160118 0.133238 0.447214 -0.336158 1.000000 -0.015748 -0.289843 -0.014885 0.134715 0.029622 0.008822 0.285533 -0.123694 0.001577 0.028263 -0.240602 -0.154415 0.004315 0.010073 0.262405 -0.243712 0.253795 0.054759 0.039591 0.055839 -0.347956 0.254020 -0.055496 0.023905 -0.229966 0.332149 -0.209131 -0.052678 -0.181575 0.372901 0.098716
0.090392 -0.008747 -0.389116 0.385990 -0.338701 -0.065142 -0.041097 -0.339917 0.402813 -0.155540 0.297620 0.398313 -0.089426 0.280872 0.486889 -0.022422 -0.037319 -0.011010 0.150152 -0.235905 0.066326 -0.162523 -0.015748 1.000000 0.089576 0.371816 -0.111125 -0.258395 -0.112129 0.293674 0.054250 0.197039 0.195636 -0.505878 -0.265641 -0.448442 0.162774 -0.321035 0.261325 0.257500 0.348347 0.022694 0.497716 -0.308082 0.244115 -0.258747 0.220304 -0.192393 0.310960 0.028746 -0.387320 0.350132 0.065018 0.144057
0.365118 -0.352707 0.205729 0.327115 -0.261779 -0.271000 0.328959 -0.064197 0.352769 -0.215524 0.167723 -0.077552 0.182198 0.146154 0.026495 0.165001 0.170654 -0.056812 -0.175161 0.280411 -0.254990 0.206504 -0.289843 0.089576 1.000000 -0.197271 -0.038919 0.078063 0.261493 0.059084 0.429581 0.088589 0.235222 0.027178 0.039764 -0.158487 0.312807 -0.385592 0.130965 0.065948 0.535149 0.002946 -0.066303 0.206325 -0.354610 -0.112064 -0.125944 0.129478 -0.041665 -0.170085 0.039388 -0.104263 -0.340285 0.143661
-0.338794 0.555961 -0.622604 0.054062 -0.307315 -0.305911 -0.272361 -0.488985 0.098231 0.013421 -0.104416 0.637507 -0.527986 0.015892 0.235430 -0.403650 -0.049008 -0.164490 -0.086060 -0.089181 0.391312 -0.364604 -0.014885 0.371816 -0.197271 1.000000 -0.319859 -0.343033 0.111352 0.259534 -0.248165 -0.126998 0.452366 -0.253074 -0.164764 0.006454 0.180893 0.004314 0.044111 0.487163 0.034903 -0.368278 0.608018 -0.513463 0.296783 -0.157421 0.323122 -0.199432 0.167040 0.504991 -0.618516 0.612008 0.528780 0.052812
0.218023 -0.351551 0.186924 -0.066427 0.217983 0.040245 0.222452 0.326134 -0.074668 0.036978 -0.062391 -0.374000 0.438000 -0.151434 -0.224276 0.265038 -0.000109 0.162607 0.043642 -0.010683 -0.062052 0.140234 0.134715 -0.111125 -0.038919 -0.319859 1.000000 0.244781 -0.266998 -0.076930 0.198646 -0.071864 -0.243932 0.005875 -0.111408 -0.245372 -0.098122 -0.216342 -0.207060 -0.460994 0.022731 0.058534 -0.351781 0.207617 -0.008676 0.124220 -0.238786 -0.015203 -0.039010 -0.323727 0.139186 -0.409879 -0.283281 -0.282853
-0.087577 -0.464325 0.393151 -0.002846 0.197128 0.050476 0.089309 0.203104 0.021151 0.019131 -0.309074 -0.149781 0.339150 0.021208 -0.034199 0.053942 0.082942 -0.180723 0.145718 0.087521 -0.132320 0.413956 0.029622 -0.258395 0.078063 -0.343033 0.244781 1.000000 0.162223 0.062884 0.063190 -0.027370 0.137093 0.364692 0.104274 0.290664 -0.111752 0.265851 -0.196657 -0.159869 -0.006637 0.086005 -0.203691 0.066591 -0.101876 0.253447 -0.092074 0.201215 -0.174704 -0.246938 0.134792 -0.410228 -0.251448 0.246006
-0.045135 0.343973 0.024344 0.119800 -0.565508 -0.024855 -0.192291 0.015481 -0.081045 0.028410 0.088695 0.019566 -0.257058 0.007872 -0.176246 0.090007 0.056808 0.015529 -0.154099 0.642503 0.022355 0.275577 0.008822 -0.112129 0.261493 0.111352 -0.266998 0.162223 1.000000 0.087416 0.128072 0.161433 0.230511 0.314948 0.373635 0.242993 0.210172 0.458814 -0.379591 0.414040 0.199937 -0.318112 0.102717 -0.105491 0.164009 -0.142791 -0.058519 0.320903 -0.177838 -0.007534 0.101187 -0.138553 0.151717 0.077778
-0.096537 0.130363 -0.277793 -0.015299 0.115254 -0.353691 -0.499414 -0.592511 0.459290 -0.436286 0.105781 0.502357 -0.355799 0.219734 -0.024188 -0.284361 -0.044841 -0.300189 -0.027736 -0.018384 0.376464 -0.231166 0.285533 0.293674 0.059084 0.259534 -0.076930 0.062884 0.087416 1.000000 -0.004867 -0.140860 0.515060 -0.227566 0.089389 0.070133 0.210784 0.141967 -0.291513 0.426482 0.236280 -0.240497 0.261880 -0.334609 0.150676 0.139081 0.004274 0.024875 0.255508 0.119620 -0.455283 0.108959 0.530458 0.343134
0.289077 -0.196436 0.385709 0.080800 -0.183875 -0.083899 0.074635 0.150986 0.064723 -0.216727 0.230504 -0.362005 0.275900 -0.263887 0.036668 0.431185 0.047113 -0.002232 0.173382 0.260257 -0.052159 0.209243 -0.123694 0.054250 0.429581 -0.248165 0.198646 0.063190 0.128072 -0.004867 1.000000 0.162766 0.012208 -0.026738 0.113372 -0.205154 0.102431 -0.233154 -0.002777 -0.077796 0.402128 -0.083616 -0.381727 0.282981 -0.170066 -0.117543 -0.097658 0.161132 0.137454 -0.329100 -0.004702 -0.308423 -0.278326 0.152611
0.231465 -0.051715 0.287931 0.132190 -0.378218 -0.041404 0.162380 0.146439 0.061094 0.098338 0.383600 -0.153538 0.174002 -0.085935 0.026688 0.296447 -0.156099 0.323145 -0.080804 0.138792 0.089457 0.232529 0.001577 0.197039 0.088589 -0.126998 -0.071864 -0.027370 0.161433 -0.140860 0.162766 1.000000 -0.199357 -0.085933 0.126231 -0.137367 -0.226769 0.104726 -0.026046 0.110985 0.314483 0.103426 -0.130675 0.154310 0.133681 -0.308029 0.362854 -0.153476 0.113083 -0.262047 0.152634 -0.150973 -0.189569 0.048573
-0.104694 0.085215 -0.330940 -0.148383 -0.169284 -0.352869 -0.244705 -0.597483 0.275840 -0.313752 -0.231971 0.572040 -0.430415 0.187167 -0.008307 -0.349935 0.032774 -0.414449 -0.097515 -0.123070 0.284708 -0.306986 0.028263 0.195636 0.235222 0.452366 -0.243932 0.137093 0.230511 0.515060 0.012208 -0.199357 1.000000 -0.212904 -0.004454 0.166106 0.219883 0.061568 0.025972 0.423962 0.258586 -0.204485 0.473889 -0.395412 -0.043100 0.029327 0.077551 0.082266 0.230866 0.506048 -0.656506 0.379324 0.349271 0.432327
-0.067988 -0.025523 0.351388 -0.178269 0.016350 0.209618 0.031181 0.420365 -0.474581 0.271444 -0.258737 -0.428131 0.182545 -0.336972 -0.022695 0.060774 0.134545 -0.047178 0.154087 0.221257 -0.297521 0.493459 -0.240602 -0.505878 0.027178 -0.253074 0.005875 0.364692 0.314948 -0.227566 -0.026738 -0.085933 -0.212904 1.000000 0.525103 0.405599 0.092606 0.345533 -0.344837 -0.213998 -0.471369 -0.258346 -0.376619 0.280772 -0.205551 0.578654 -0.201345 0.304960 -0.613502 -0.010022 0.486918 -0.384314 -0.044408 -0.053765
-0.164687 0.159253 0.260535 -0.415292 -0.098816 -0.009093 -0.358005 0.105448 -0.357192 -0.057094 0.211389 -0.230182 -0.243554 -0.163985 -0.117014 -0.060007 -0.042778 -0.036791 0.226259 0.000473 -0.028206 0.253272 -0.154415 -0.265641 0.039764 -0.164764 -0.111408 0.104274 0.373635 0.089389 0.113372 0.126231 -0.004454 0.525103 1.000000 0.586405 -0.047584 0.233109 -0.427534 -0.151644 -0.191957 -0.113403 -0.272367 0.298111 -0.083590 0.459106 -0.143854 0.141873 -0.329769 0.121174 0.152134 -0.153813 0.247753 0.090351
-0.500841 0.149682 0.264772 -0.547510 0.240413 -0.009043 -0.493368 -0.071631 -0.284250 -0.215956 -0.156368 0.049985 -0.280740 -0.128663 -0.242784 -0.248790 -0.060156 -0.317084 0.157119 -0.086915 0.096411 0.008252 0.004315 -0.448442 -0.158487 0.006454 -0.245372 0.290664 0.242993 0.070133 -0.205154 -0.137367 0.166106 0.405599 0.586405 1.000000 -0.012105 0.326346 -0.116485 -0.057365 -0.382004 0.028139 -0.190802 0.099524 -0.275922 0.383463 -0.059812 0.259786 -0.316417 0.386470 -0.148784 0.014314 0.270316 0.178122
0.229163 0.180640 -0.211617 0.173270 -0.249046 -0.308814 -0.078710 -0.290199 0.087488 -0.218063 0.062733 0.231993 -0.177752 0.084648 0.063149 -0.051282 -0.000703 0.000821 -0.019614 0.195202 -0.043985 -0.106593 0.010073 0.162774 0.312807 0.180893 -0.098122 -0.111752 0.210172 0.210784 0.102431 -0.226769 0.219883 0.092606 -0.047584 -0.012105 1.000000 -0.039407 -0.062649 0.182567 0.162182 -0.347757 0.155698 -0.145358 -0.010422 0.065516 -0.237400 -0.074843 -0.076137 0.257243 -0.150775 0.005057 0.124548 0.101612
-0.128538 0.333490 -0.024202 -0.119835 -0.024104 0.210684 -0.339778 -0.056612 -0.231185 0.089189 -0.103590 -0.028765 -0.138962 -0.064381 -0.265093 -0.113876 0.022116 -0.049221 -0.038848 0.364358 0.213404 0.075963 0.262405 -0.321035 -0.385592 0.004314 -0.216342 0.265851 0.458814 0.141967 -0.233154 0.104726 0.061568 0.345533 0.233109 0.326346 -0.039407 1.000000 -0.447228 0.288311 -0.108196 -0.306743 -0.026287 -0.207769 0.266718 0.078144 0.046901 0.132069 -0.042649 0.051620 0.144340 -0.136880 0.305512 0.087504
0.156045 -0.250336 0.072141 0.169740 -0.025261 0.097933 0.285670 0.018968 0.137650 -0.033243 -0.095108 0.213260 -0.021716 0.114686 0.312889 0.084655 -0.073534 -0.056328 0.012700 -0.387984 -0.113244 -0.263785 -0.243712 0.261325 0.130965 0.044111 -0.207060 -0.196657 -0.379591 -0.291513 -0.002777 -0.026046 0.025972 -0.344837 -0.427534 -0.116485 -0.062649 -0.447228 1.000000 0.012665 -0.000459 0.317774 0.137064 0.142620 -0.434714 -0.237738 0.126334 0.107249 -0.012746 0.169046 -0.290634 0.411430 -0.301364 0.043289
0.060519 0.320255 -0.398207 0.210772 -0.338826 -0.282031 -0.264467 -0.504972 0.307124 -0.184386 0.127086 0.619190 -0.519573 0.293089 -0.072139 -0.096537 -0.199032 -0.047579 -0.186270 0.231043 0.335502 -0.366323 0.253795 0.257500 0.065948 0.487163 -0.460994 -0.159869 0.414040 0.426482 -0.077796 0.110985 0.423962 -0.213998 -0.151644 -0.057365 0.182567 0.288311 0.012665 1.000000 0.297463 -0.249549 0.577246 -0.494331 0.296968 -0.407827 0.080535 -0.012596 0.352662 0.153384 -0.274340 0.243382 0.421640 0.117319
0.348586 -0.145769 -0.026463 0.379295 -0.309545 -0.281794 0.214941 -0.280513 0.504482 -0.194468 0.401112 0.150289 0.092590 0.311116 -0.015419 0.087640 0.092955 0.120946 -0.107761 0.268362 0.141255 0.013509 0.054759 0.348347 0.535149 0.034903 0.022731 -0.006637 0.199937 0.236280 0.402128 0.314483 0.258586 -0.471369 -0.191957 -0.382004 0.162182 -0.108196 -0.000459 0.297463 1.000000 0.101704 0.073952 -0.044947 0.106042 -0.434095 0.198935 -0.138244 0.414434 -0.279539 -0.165030 0.111207 -0.138978 0.201284
0.054570 -0.369787 0.253279 -0.024225 0.163877 0.150745 0.333490 0.184658 0.006478 0.113479 0.053676 -0.028319 0.137097 0.318186 -0.071181 0.181683 -0.012036 0.034794 0.044643 -0.360004 -0.241977 0.108447 0.039591 0.022694 0.002946 -0.368278 0.058534 0.086005 -0.318112 -0.240497 -0.083616 0.103426 -0.204485 -0.258346 -0.113403 0.028139 -0.347757 -0.306743 0.317774 -0.249549 0.101704 1.000000 -0.156831 0.239004 -0.168668 -0.082981 0.000761 -0.012517 0.143843 -0.193586 0.210442 0.046983 -0.359331 -0.059197
-0.078132 0.280380 -0.764803 0.219550 -0.330655 -0.194616 -0.099356 -0.524631 0.219029 -0.093433 0.018267 0.726885 -0.476563 0.473636 0.088215 -0.250878 -0.146921 -0.037211 -0.140401 -0.204416 0.084782 -0.431939 0.055839 0.497716 -0.066303 0.608018 -0.351781 -0.203691 0.102717 0.261880 -0.381727 -0.130675 0.473889 -0.376619 -0.272367 -0.190802 0.155698 -0.026287 0.137064 0.577246 0.073952 -0.156831 1.000000 -0.731042 0.492009 -0.363544 0.084339 -0.139241 0.299602 0.365977 -0.326877 0.512134 0.239527 0.091294
0.197840 -0.253567 0.678278 -0.275230 0.080432 0.117240 0.311597 0.472459 -0.248265 0.130898 -0.043611 -0.553383 0.267377 -0.245077 -0.033033 0.257378 0.022662 0.096867 0.043821 0.008473 -0.336368 0.300904 -0.347956 -0.308082 0.206325 -0.513463 0.207617 0.066591 -0.105491 -0.334609 0.282981 0.154310 -0.395412 0.280772 0.298111 0.099524 -0.145358 -0.207769 0.142620 -0.494331 -0.044947 0.239004 -0.731042 1.000000 -0.577752 0.308890 -0.045414 0.103774 -0.392466 -0.172792 0.274831 -0.251956 -0.321148 -0.100231
-0.149153 0.382713 -0.499860 0.255033 -0.232822 0.045549 -0.117706 -0.170903 -0.001204 0.199569 0.179232 0.240900 -0.118692 0.276985 -0.092853 0.001477 0.001704 0.315356 0.023521 0.131094 0.121017 0.008289 0.254020 0.244115 -0.354610 0.296783 -0.008676 -0.101876 0.164009 0.150676 -0.170066 0.133681 -0.043100 -0.205551 -0.083590 -0.275922 -0.010422 0.266718 -0.434714 0.296968 0.106042 -0.168668 0.492009 -0.577752 1.000000 -0.388744 0.156942 -0.279760 0.283112 -0.163360 0.140379 0.050682 0.164762 -0.193946
-0.154618 -0.108360 0.185679 -0.370890 0.342790 0.047114 -0.179122 0.103026 -0.188971 0.006020 -0.287003 -0.205573 0.012211 -0.226172 0.072936 -0.354227 0.198272 -0.263647 0.178346 -0.227826 -0.005966 0.117830 -0.055496 -0.258747 -0.112064 -0.157421 0.124220 0.253447 -0.142791 0.139081 -0.117543 -0.308029 0.029327 0.578654 0.459106 0.383463 0.065516 0.078144 -0.237738 -0.407827 -0.434095 -0.082981 -0.363544 0.308890 -0.388744 1.000000 -0.176627 0.206299 -0.344063 0.251771 0.026977 -0.109113 0.274668 0.195095
-0.257967 0.217990 -0.046142 0.152952 -0.191368 0.056207 0.027712 -0.096932 0.138879 0.101256 -0.058798 0.133141 -0.008906 -0.008631 0.280994 -0.191355 0.303934 -0.021620 0.089121 0.023601 0.166475 0.054461 0.023905 0.220304 -0.125944 0.323122 -0.238786 -0.092074 -0.058519 0.004274 -0.097658 0.362854 0.077551 -0.201345 -0.143854 -0.059812 -0.237400 0.046901 0.126334 0.080535 0.198935 0.000761 0.084339 -0.045414 0.156942 -0.176627 1.000000 -0.202630 -0.026369 0.064791 -0.224307 0.294475 0.021388 0.278165
0.097499 0.072420 0.136756 -0.120376 -0.031493 0.363539 0.010035 0.054116 -0.207445 0.058044 -0.364088 -0.111198 -0.018316 -0.031291 -0.216751 0.268049 0.237989 -0.341283 0.030028 0.238405 -0.164144 0.218474 -0.229966 -0.192393 0.129478 -0.199432 -0.015203 0.201215 0.320903 0.024875 0.161132 -0.153476 0.082266 0.304960 0.141873 0.259786 -0.074843 0.132069 0.107249 -0.012596 -0.138244 -0.012517 -0.139241 0.103774 -0.279760 0.206299 -0.202630 1.000000 -0.367397 0.109730 0.037536 -0.046977 -0.111955 -0.054395
0.028180 -0.037500 -0.280260 0.163308 0.103838 -0.380047 -0.158163 -0.399102 0.379097 -0.317237 0.349933 0.269997 -0.041905 0.184315 -0.105429 -0.094123 -0.153132 -0.013411 -0.144156 -0.107095 0.308643 -0.397975 0.332149 0.310960 -0.041665 0.167040 -0.039010 -0.174704 -0.177838 0.255508 0.137454 0.113083 0.230866 -0.613502 -0.329769 -0.316417 -0.076137 -0.042649 -0.012746 0.352662 0.414434 0.143843 0.299602 -0.392466 0.283112 -0.344063 -0.026369 -0.367397 1.000000 -0.107532 -0.240012 0.138087 0.186407 0.187433
-0.198694 0.403917 -0.379946 -0.436611 -0.104609 -0.159118 -0.283495 -0.410948 -0.221052 -0.141245 -0.369978 0.489543 -0.591099 -0.008851 -0.087195 -0.335305 -0.047612 -0.344166 0.041834 -0.359434 0.171610 -0.396831 -0.209131 0.028746 -0.170085 0.504991 -0.323727 -0.246938 -0.007534 0.119620 -0.329100 -0.262047 0.506048 -0.010022 0.121174 0.386470 0.257243 0.051620 0.169046 0.153384 -0.279539 -0.193586 0.365977 -0.172792 -0.163360 0.251771 0.064791 0.109730 -0.107532 1.000000 -0.520476 0.501898 0.379475 0.178466
0.204392 -0.196848 0.353034 0.126844 0.008345 0.343230 0.421047 0.569728 -0.337062 0.401074 0.132227 -0.601101 0.450197 0.068081 -0.235632 0.435895 0.056131 0.402133 -0.026746 0.274058 -0.556234 0.523044 -0.052678 -0.387320 0.039388 -0.618516 0.139186 0.134792 0.101187 -0.455283 -0.004702 0.152634 -0.656506 0.486918 0.152134 -0.148784 -0.150775 0.144340 -0.290634 -0.274340 -0.165030 0.210442 -0.326877 0.274831 0.140379 0.026977 -0.224307 0.037536 -0.240012 -0.520476 1.000000 -0.496140 -0.483682 -0.291474
-0.168333 0.321185 -0.472172 -0.083523 -0.132298 -0.029458 -0.053371 -0.496253 0.100582 0.016698 -0.078985 0.582490 -0.489412 0.317544 0.109236 -0.325563 0.045260 -0.161162 0.015313 -0.368468 0.130852 -0.409084 -0.181575 0.350132 -0.104263 0.612008 -0.409879 -0.410228 -0.138553 0.108959 -0.308423 -0.150973 0.379324 -0.384314 -0.153813 0.014314 0.005057 -0.136880 0.411430 0.243382 0.111207 0.046983 0.512134 -0.251956 0.050682 -0.109113 0.294475 -0.046977 0.138087 0.501898 -0.496140 1.000000 0.273928 0.077183
-0.312342 0.492470 -0.411480 -0.194156 0.137509 -0.312473 -0.677773 -0.491550 0.184727 -0.179723 0.042796 0.446667 -0.646929 -0.035247 0.021207 -0.581683 -0.042315 -0.125508 -0.052891 -0.034635 0.694857 -0.399988 0.372901 0.065018 -0.340285 0.528780 -0.283281 -0.251448 0.151717 0.530458 -0.278326 -0.189569 0.349271 -0.044408 0.247753 0.270316 0.124548 0.305512 -0.301364 0.421640 -0.138978 -0.359331 0.239527 -0.321148 0.164762 0.274668 0.021388 -0.111955 0.186407 0.379475 -0.483682 0.273928 1.000000 0.009921
-0.123258 -0.117283 0.117963 -0.028522 -0.082006 -0.179025 -0.291417 -0.199950 0.206787 -0.463254 0.071449 0.138199 -0.097698 -0.024512 0.212246 -0.248124 0.034002 -0.266276 0.066573 -0.110118 0.047517 -0.057850 0.098716 0.144057 0.143661 0.052812 -0.282853 0.246006 0.077778 0.343134 0.152611 0.048573 0.432327 -0.053765 0.090351 0.178122 0.101612 0.087504 0.043289 0.117319 0.201284 -0.059197 0.091294 -0.100231 -0.193946 0.195095 0.278165 -0.054395 0.187433 0.178466 -0.291474 0.077183 0.009921 1.000000
