1.000000 0.002864 -0.112411 0.109165 -0.078454 -0.035352 0.039143 0.052381 -0.044473 0.013873 -0.029914 0.052232 -0.005808 -0.032561 0.060372 -0.014603 0.019304 0.030778 0.032524 -0.025522 0.020271 -0.005237 0.031504 0.038338 0.004914 -0.008046 0.064109 0.011203 0.056060 -0.050116 0.103118 -0.018281 0.053051 -0.001892 0.038797 -0.013779 0.012069 -0.036311 0.045778 -0.035813 0.030644 0.001489 -0.047705 -0.000720 0.060236 0.011437 -0.028842 -0.020166 0.007040 -0.053211 0.026732 -0.031251 0.048392 -0.040349
0.002864 1.000000 -0.204114 0.250300 -0.008964 0.066302 0.111702 -0.111746 -0.038257 0.162465 -0.022436 0.174051 -0.009678 0.125223 0.073763 0.117381 -0.071334 0.071039 0.088936 0.064533 0.078860 -0.131815 0.117731 -0.025869 -0.022157 -0.038569 0.124904 -0.099241 -0.018354 0.042093 -0.088305 0.073766 -0.090939 -0.126410 -0.203137 -0.130300 0.007855 0.012939 0.067228 0.222724 -0.280163 0.180245 -0.109082 0.184741 -0.216657 -0.026893 0.097002 0.038127 -0.061242 -0.057275 0.008687 0.116645 -0.072888 0.067266
-0.112411 -0.204114 1.000000 -0.421648 0.180272 0.096499 0.044549 0.069573 0.035713 0.068314 -0.000142 -0.106843 0.159468 -0.171712 0.133723 -0.088953 0.061419 -0.088486 0.013227 0.036495 0.079598 0.053558 0.038568 0.052722 0.061816 0.097903 0.018478 0.097662 0.049077 0.050563 0.071147 0.028167 0.101335 0.139305 -0.057194 0.187143 -0.035301 -0.043382 0.097226 -0.098750 0.188535 -0.108189 0.002892 0.044182 0.013161 0.063140 -0.022492 -0.016840 0.014122 0.079837 0.050275 -0.051165 0.005974 0.016200
0.109165 0.250300 -0.421648 1.000000 -0.298060 0.062599 0.123919 0.008957 0.041735 0.131606 -0.060256 0.263249 -0.009153 0.139016 -0.019569 0.089396 -0.014281 0.067877 0.153813 0.008664 -0.021651 0.000651 0.028746 -0.089825 -0.019454 -0.052037 0.065485 -0.115828 -0.054388 0.089731 -0.079184 -0.084984 -0.054252 -0.032701 -0.124125 -0.122798 0.045635 -0.090469 0.063898 0.081253 -0.070861 0.034294 0.063960 -0.105923 0.090215 -0.090558 0.020413 -0.008081 -0.019150 0.052320 -0.026948 0.046440 -0.111737 0.033538
-0.078454 -0.008964 0.180272 -0.298060 1.000000 -0.135085 0.069305 0.038801 0.023723 0.119233 0.024896 -0.046315 0.105316 -0.010563 0.079064 0.057245 0.002058 0.044734 -0.055642 0.116128 -0.031820 -0.019540 0.062900 -0.035440 0.073931 -0.031546 0.046028 -0.022636 0.026728 0.047535 0.011331 -0.003101 0.068054 -0.125157 0.064795 -0.013311 -0.123690 -0.009047 -0.021187 0.080381 -0.075276 0.017323 0.003082 0.061139 -0.035023 0.023642 0.053446 0.005543 0.005961 -0.012084 0.045357 0.006088 0.014515 0.061782
-0.035352 0.066302 0.096499 0.062599 -0.135085 1.000000 -0.278075 0.153716 -0.064823 0.187045 -0.025705 0.136222 0.098304 0.018017 0.154521 0.062286 0.032173 0.091190 0.160661 0.080218 0.057934 0.019400 0.051907 0.023526 -0.009756 -0.000964 0.118850 0.028327 0.015300 0.169743 0.008436 -0.003792 -0.015334 0.005654 -0.050619 0.041086 -0.024292 0.045383 0.078645 0.060639 0.024667 -0.150283 0.148784 -0.095460 0.053843 0.057900 0.002292 0.064105 -0.035272 0.021999 0.037111 0.031821 -0.081481 0.052540
0.039143 0.111702 0.044549 0.123919 0.069305 -0.278075 1.000000 -0.187134 0.163129 0.144159 0.048910 0.092624 0.063531 0.052811 0.002234 0.094685 0.009788 0.062828 -0.000479 0.082425 0.007011 0.060780 0.089357 0.000626 0.148341 0.036767 0.024444 -0.017307 0.098573 -0.036565 0.017897 0.051235 0.055453 -0.072628 -0.011245 -0.073307 -0.001804 -0.129778 0.140339 0.029887 0.000595 0.110957 -0.050403 0.018923 0.028598 -0.009919 0.015459 -0.009944 0.010516 -0.024279 0.130600 -0.073172 0.069602 -0.032053
0.052381 -0.111746 0.069573 0.008957 0.038801 0.153716 -0.187134 1.000000 -0.213683 0.177915 0.028215 -0.007515 0.131673 -0.007394 0.099133 0.053090 0.122692 0.061688 0.102966 0.135342 0.034493 0.095444 0.090093 0.032455 0.069729 0.105736 0.050756 0.066138 0.064374 0.058620 0.177360 -0.075950 0.104512 0.023400 0.162127 0.001219 0.054510 -0.065471 0.043414 -0.117032 0.229804 -0.141892 0.062853 -0.133993 0.186828 0.027466 -0.029211 -0.002695 0.027137 0.035430 0.045248 -0.081617 0.063034 -0.037722
-0.044473 -0.038257 0.035713 0.041735 0.023723 -0.064823 0.163129 -0.213683 1.000000 -0.410042 0.171346 0.109616 0.000012 0.076184 -0.026925 0.072784 0.073191 0.031179 0.029029 0.038533 0.015651 0.026179 0.057987 0.084195 0.048813 0.106564 -0.046752 0.083059 0.002196 0.043787 -0.035934 0.056765 0.037643 0.050693 0.023767 -0.003206 -0.014642 -0.068514 0.022515 -0.034036 0.022970 0.050501 -0.052233 0.047346 -0.037994 -0.021247 -0.024998 0.033677 0.018227 0.005106 -0.021573 -0.000597 -0.014280 0.032239
0.013873 0.162465 0.068314 0.131606 0.119233 0.187045 0.144159 0.177915 -0.410042 1.000000 -0.385686 0.166713 0.192920 -0.031761 0.209049 0.041266 0.047367 0.045903 0.218655 0.046107 0.098185 0.059057 0.070580 -0.043338 0.024727 -0.034004 0.131991 -0.042946 -0.026654 0.075299 0.029628 -0.001120 -0.047988 -0.144734 0.009493 -0.039404 0.030123 0.001109 0.037781 0.123588 -0.002803 -0.091786 0.110510 -0.099656 0.098460 0.035848 0.107008 -0.006151 -0.025454 -0.005670 0.048899 0.050648 -0.014938 0.018071
-0.029914 -0.022436 -0.000142 -0.060256 0.024896 -0.025705 0.048910 0.028215 0.171346 -0.385686 1.000000 -0.303187 0.124213 0.045540 -0.030326 0.085886 0.085325 0.099762 0.026913 0.112459 0.015770 0.080357 0.042397 0.136182 0.109719 0.054852 0.100922 0.063439 0.145788 0.015048 0.024422 0.080513 0.123599 0.130505 0.006026 0.027213 0.004491 -0.008866 0.032303 -0.035144 -0.009192 0.049505 -0.034168 0.040797 -0.033293 0.027521 -0.091817 0.025838 0.034807 -0.006379 -0.015380 -0.074115 -0.003446 -0.017798
0.052232 0.174051 -0.106843 0.263249 -0.046315 0.136222 0.092624 -0.007515 0.109616 0.166713 -0.303187 1.000000 -0.347890 0.103169 0.151672 0.058914 0.045293 0.029845 0.272249 0.013761 0.128873 0.011781 0.089228 -0.011694 0.078574 0.078699 0.119797 0.054671 0.035479 0.137884 0.122202 -0.014411 -0.043182 0.053179 0.065373 0.094940 -0.078878 0.018088 0.078669 0.192468 -0.094667 -0.117732 0.129896 -0.095961 0.063719 -0.059070 0.111772 -0.112306 0.103021 -0.008324 -0.017981 0.113403 -0.033661 0.011188
-0.005808 -0.009678 0.159468 -0.009153 0.105316 0.098304 0.063531 0.131673 0.000012 0.192920 0.124213 -0.347890 1.000000 -0.350181 0.275959 -0.013640 0.100074 0.059651 0.125163 0.092974 0.074531 0.105861 0.068826 0.067187 0.029724 0.048986 0.124049 0.010078 0.033886 0.070050 -0.025768 0.036862 0.076174 0.012868 -0.083870 -0.002727 0.049195 -0.038220 0.062138 0.020272 0.014028 0.087977 0.006783 0.037469 -0.040414 0.018195 0.008110 0.091714 -0.075390 0.018018 -0.000493 -0.001301 -0.091018 -0.003256
-0.032561 0.125223 -0.171712 0.139016 -0.010563 0.018017 0.052811 -0.007394 0.076184 -0.031761 0.045540 0.103169 -0.350181 1.000000 -0.574638 0.423975 -0.142006 0.093544 0.059636 0.064055 -0.078604 -0.077538 0.058780 0.005993 0.098708 -0.010292 0.115821 -0.037146 0.007063 0.012232 0.058414 -0.029867 0.009619 -0.113998 0.091906 -0.129261 -0.000290 -0.028728 -0.001124 0.069723 -0.066943 0.023652 -0.076631 0.060362 0.035559 0.006474 0.019323 -0.035002 0.117362 -0.011998 -0.023752 0.022919 0.017915 -0.005944
0.060372 0.073763 0.133723 -0.019569 0.079064 0.154521 0.002234 0.099133 -0.026925 0.209049 -0.030326 0.151672 0.275959 -0.574638 1.000000 -0.450566 0.334947 0.039703 0.185313 0.064728 0.154396 0.123206 0.123631 0.101820 0.033741 0.056232 0.102080 0.070536 0.033351 0.114381 0.032532 0.062884 -0.013325 0.088269 -0.094822 0.089927 -0.032705 0.014508 0.017871 0.046120 -0.064627 0.006383 0.055546 0.000387 -0.070452 -0.003067 0.040174 0.018865 -0.096668 0.004988 -0.014622 0.068886 -0.081333 0.055028
-0.014603 0.117381 -0.088953 0.089396 0.057245 0.062286 0.094685 0.053090 0.072784 0.041266 0.085886 0.058914 -0.013640 0.423975 -0.450566 1.000000 -0.361490 0.231258 0.107537 0.147431 0.077938 0.054043 0.090509 0.003885 0.110923 0.098932 0.052652 0.082161 -0.010543 0.123201 0.094997 0.070443 0.067806 -0.115376 0.171748 0.023333 0.044256 -0.036248 0.017431 0.031950 0.055932 -0.039767 0.018533 0.006474 0.049186 0.035231 0.022217 -0.018096 0.077408 0.045373 -0.049219 0.039309 0.004170 0.010489
0.019304 -0.071334 0.061419 -0.014281 0.002058 0.032173 0.009788 0.122692 0.073191 0.047367 0.085325 0.045293 0.100074 -0.142006 0.334947 -0.361490 1.000000 -0.191143 0.088173 0.108674 0.052876 0.096719 0.122305 0.097501 0.121402 0.034378 0.113839 0.092006 0.052724 0.077214 0.064815 -0.066427 0.056610 0.108004 0.005110 -0.048678 -0.060420 -0.001598 0.013476 0.029856 0.036450 -0.074483 0.056714 -0.040247 0.029182 0.038508 -0.001965 -0.025891 0.065143 -0.057630 0.008923 -0.041269 0.010043 0.032494
0.030778 0.071039 -0.088486 0.067877 0.044734 0.091190 0.062828 0.061688 0.031179 0.045903 0.099762 0.029845 0.059651 0.093544 0.039703 0.231258 -0.191143 1.000000 0.026483 0.147270 0.130831 0.067586 0.117991 0.109464 0.102810 0.126691 0.092500 0.121549 -0.015712 0.106839 0.055550 0.088443 -0.016253 0.152562 0.034042 0.063651 0.021060 0.069105 -0.066978 0.065455 -0.087971 -0.034303 0.066680 -0.012173 -0.028667 -0.042544 0.022943 -0.013935 0.033474 0.034806 -0.135616 0.107208 -0.071038 0.036533
0.032524 0.088936 0.013227 0.153813 -0.055642 0.160661 -0.000479 0.102966 0.029029 0.218655 0.026913 0.272249 0.125163 0.059636 0.185313 0.107537 0.088173 0.026483 1.000000 0.054202 0.151775 0.155227 0.191849 0.141429 0.126971 0.091861 0.220605 0.141988 0.062754 0.241020 0.094722 0.114531 0.128731 0.012311 0.136455 0.050176 -0.029139 -0.057663 0.037621 0.124348 -0.066646 -0.005307 -0.025518 0.097080 -0.072176 0.049129 0.083940 -0.014026 0.075769 -0.007175 -0.116236 0.127070 -0.030626 0.006762
-0.025522 0.064533 0.036495 0.008664 0.116128 0.080218 0.082425 0.135342 0.038533 0.046107 0.112459 0.013761 0.092974 0.064055 0.064728 0.147431 0.108674 0.147270 0.054202 1.000000 -0.075612 0.083453 0.197227 0.105103 0.229873 0.131046 0.163043 0.122114 0.131712 0.122329 0.162414 0.076732 0.035601 0.119072 0.085868 0.023142 0.060612 0.000495 -0.006828 0.096614 -0.029471 -0.057848 0.055429 0.001998 0.011116 0.009599 -0.014794 -0.007141 0.013726 0.061940 -0.046577 0.046164 -0.062710 0.037232
0.020271 0.078860 0.079598 -0.021651 -0.031820 0.057934 0.007011 0.034493 0.015651 0.098185 0.015770 0.128873 0.074531 -0.078604 0.154396 0.077938 0.052876 0.130831 0.151775 -0.075612 1.000000 -0.097250 0.153303 0.210692 0.045021 0.166293 0.122145 0.161091 0.120132 0.196651 0.142692 0.120541 0.151385 0.106997 0.137725 0.157121 -0.052736 -0.029895 0.086328 -0.053992 0.084182 -0.022131 -0.025368 0.058231 -0.059748 0.042497 0.044490 0.057009 -0.048554 0.013157 0.005819 0.077186 0.019632 -0.007680
-0.005237 -0.131815 0.053558 0.000651 -0.019540 0.019400 0.060780 0.095444 0.026179 0.059057 0.080357 0.011781 0.105861 -0.077538 0.123206 0.054043 0.096719 0.067586 0.155227 0.083453 -0.097250 1.000000 -0.130186 0.121908 0.133367 0.108249 0.127454 0.165389 0.055300 0.085432 0.088475 0.027491 0.143902 0.082549 0.174550 0.121629 -0.012110 0.082392 -0.078557 -0.054154 0.064163 -0.108288 0.117791 -0.102847 0.104504 0.069753 -0.036007 -0.005105 0.033950 -0.003726 -0.011685 0.005487 -0.004993 -0.005533
0.031504 0.117731 0.038568 0.028746 0.062900 0.051907 0.089357 0.090093 0.057987 0.070580 0.042397 0.089228 0.068826 0.058780 0.123631 0.090509 0.122305 0.117991 0.191849 0.197227 0.153303 -0.130186 1.000000 -0.027848 0.204762 0.088331 0.237913 0.078096 0.115644 0.159750 0.134099 0.075711 0.080697 0.087068 0.124391 -0.019824 -0.012138 -0.016627 0.061131 0.077891 -0.008715 -0.091427 0.039831 0.000994 0.016213 0.037490 0.038365 0.035997 0.046146 0.021485 -0.119619 0.065338 -0.035756 0.024420
0.038338 -0.025869 0.052722 -0.089825 -0.035440 0.023526 0.000626 0.032455 0.084195 -0.043338 0.136182 -0.011694 0.067187 0.005993 0.101820 0.003885 0.097501 0.109464 0.141429 0.105103 0.210692 0.121908 -0.027848 1.000000 0.020862 0.215574 0.105370 0.195836 0.062980 0.180113 0.178736 0.139404 0.065665 0.187559 0.200098 -0.022241 -0.046006 0.054189 -0.021506 -0.062245 0.028302 -0.040759 0.010046 0.005063 -0.006188 0.039663 0.048373 -0.077703 -0.005498 0.039523 -0.068796 0.086396 0.012573 0.041065
0.004914 -0.022157 0.061816 -0.019454 0.073931 -0.009756 0.148341 0.069729 0.048813 0.024727 0.109719 0.078574 0.029724 0.098708 0.033741 0.110923 0.121402 0.102810 0.126971 0.229873 0.045021 0.133367 0.204762 0.020862 1.000000 -0.035015 0.228546 0.121420 0.228487 0.154517 0.169230 0.169419 0.117675 0.139764 0.137236 0.082937 0.085107 -0.027055 0.058235 0.032946 0.032348 -0.025038 0.064252 -0.094647 0.057048 -0.001968 -0.051878 0.029637 0.034345 -0.040470 0.052105 -0.067984 0.022032 -0.058629
-0.008046 -0.038569 0.097903 -0.052037 -0.031546 -0.000964 0.036767 0.105736 0.106564 -0.034004 0.054852 0.078699 0.048986 -0.010292 0.056232 0.098932 0.034378 0.126691 0.091861 0.131046 0.166293 0.108249 0.088331 0.215574 -0.035015 1.000000 -0.004122 0.257920 0.083645 0.189486 0.168587 0.018627 0.232062 0.186095 0.199955 0.196582 -0.031479 0.000224 -0.049012 -0.088529 0.133619 -0.168014 0.119265 -0.102600 0.084148 0.031742 0.028895 -0.042470 0.041193 0.048926 0.012636 0.017009 -0.005578 0.021465
0.064109 0.124904 0.018478 0.065485 0.046028 0.118850 0.024444 0.050756 -0.046752 0.131991 0.100922 0.119797 0.124049 0.115821 0.102080 0.052652 0.113839 0.092500 0.220605 0.163043 0.122145 0.127454 0.237913 0.105370 0.228546 -0.004122 1.000000 -0.008525 0.120475 0.211694 0.141976 0.189528 0.073694 0.140811 0.161049 0.097877 0.086383 -0.041621 0.034639 0.015254 0.021707 0.072702 -0.050705 0.095955 -0.061208 0.024440 0.034365 0.024943 0.000367 0.012958 -0.081435 0.089997 -0.035354 0.046805
0.011203 -0.099241 0.097662 -0.115828 -0.022636 0.028327 -0.017307 0.066138 0.083059 -0.042946 0.063439 0.054671 0.010078 -0.037146 0.070536 0.082161 0.092006 0.121549 0.141988 0.122114 0.161091 0.165389 0.078096 0.195836 0.121420 0.257920 -0.008525 1.000000 -0.083994 0.177998 0.238739 0.107168 0.180355 0.207749 0.270142 0.033591 -0.022848 0.108197 -0.047224 -0.104318 0.108945 -0.165097 0.088499 -0.081200 0.074327 -0.005770 0.019909 -0.043708 -0.054650 0.065660 -0.016806 0.013656 0.065659 -0.014994
0.056060 -0.018354 0.049077 -0.054388 0.026728 0.015300 0.098573 0.064374 0.002196 -0.026654 0.145788 0.035479 0.033886 0.007063 0.033351 -0.010543 0.052724 -0.015712 0.062754 0.131712 0.120132 0.055300 0.115644 0.062980 0.228487 0.083645 0.120475 -0.083994 1.000000 -0.146080 0.133600 0.125618 0.061301 0.075257 0.221953 0.077764 0.016553 -0.034026 0.056620 -0.064659 0.168727 -0.070760 0.067584 -0.048392 0.037387 0.052528 -0.002794 0.028477 0.032611 -0.018054 -0.026364 0.038566 0.015161 0.015271
-0.050116 0.042093 0.050563 0.089731 0.047535 0.169743 -0.036565 0.058620 0.043787 0.075299 0.015048 0.137884 0.070050 0.012232 0.114381 0.123201 0.077214 0.106839 0.241020 0.122329 0.196651 0.085432 0.159750 0.180113 0.154517 0.189486 0.211694 0.177998 -0.146080 1.000000 0.021900 0.158976 0.172154 0.062106 0.158643 0.186935 -0.028064 0.119392 -0.088761 0.094957 -0.070247 -0.099552 0.117264 -0.033403 0.006125 0.044136 0.056825 0.025559 -0.009895 0.038307 -0.092854 0.095309 -0.021693 0.000906
0.103118 -0.088305 0.071147 -0.079184 0.011331 0.008436 0.017897 0.177360 -0.035934 0.029628 0.024422 0.122202 -0.025768 0.058414 0.032532 0.094997 0.064815 0.055550 0.094722 0.162414 0.142692 0.088475 0.134099 0.178736 0.169230 0.168587 0.141976 0.238739 0.133600 0.021900 1.000000 -0.055797 0.155810 0.151968 0.278767 0.088447 0.014954 0.010341 0.007124 -0.102788 0.145591 -0.175706 0.097084 -0.085795 0.102710 0.051124 0.006691 0.023943 0.039825 -0.032498 0.035590 -0.002443 0.059498 0.057517
-0.018281 0.073766 0.028167 -0.084984 -0.003101 -0.003792 0.051235 -0.075950 0.056765 -0.001120 0.080513 -0.014411 0.036862 -0.029867 0.062884 0.070443 -0.066427 0.088443 0.114531 0.076732 0.120541 0.027491 0.075711 0.139404 0.169419 0.018627 0.189528 0.107168 0.125618 0.158976 -0.055797 1.000000 -0.163113 0.170265 0.084267 0.025545 -0.062964 -0.024967 0.058861 0.001010 0.010517 0.043367 0.029159 0.002266 -0.039991 -0.011428 0.081469 -0.034033 0.069737 -0.086823 -0.005508 0.053036 -0.010705 -0.033397
0.053051 -0.090939 0.101335 -0.054252 0.068054 -0.015334 0.055453 0.104512 0.037643 -0.047988 0.123599 -0.043182 0.076174 0.009619 -0.013325 0.067806 0.056610 -0.016253 0.128731 0.035601 0.151385 0.143902 0.080697 0.065665 0.117675 0.232062 0.073694 0.180355 0.061301 0.172154 0.155810 -0.163113 1.000000 0.086780 0.208504 0.210160 0.009273 0.046012 -0.002224 -0.106485 0.201756 -0.139655 0.127367 -0.107674 0.103029 0.012874 -0.008600 0.064820 -0.025518 0.055063 -0.010046 -0.000109 0.017080 0.055479
-0.001892 -0.126410 0.139305 -0.032701 -0.125157 0.005654 -0.072628 0.023400 0.050693 -0.144734 0.130505 0.053179 0.012868 -0.113998 0.088269 -0.115376 0.108004 0.152562 0.012311 0.119072 0.106997 0.082549 0.087068 0.187559 0.139764 0.186095 0.140811 0.207749 0.075257 0.062106 0.151968 0.170265 0.086780 1.000000 0.146773 0.172958 -0.038789 -0.010368 -0.075719 -0.083829 0.052685 -0.005027 -0.084056 0.065326 -0.039395 0.018438 -0.029464 -0.053723 -0.041480 0.098736 -0.114656 0.103711 -0.023730 -0.047784
0.038797 -0.203137 -0.057194 -0.124125 0.064795 -0.050619 -0.011245 0.162127 0.023767 0.009493 0.006026 0.065373 -0.083870 0.091906 -0.094822 0.171748 0.005110 0.034042 0.136455 0.085868 0.137725 0.174550 0.124391 0.200098 0.137236 0.199955 0.161049 0.270142 0.221953 0.158643 0.278767 0.084267 0.208504 0.146773 1.000000 0.115770 0.012234 0.026950 0.001320 -0.127739 0.184907 -0.140725 0.057027 -0.093023 0.145879 0.020408 -0.002300 0.036662 -0.001001 -0.047859 0.127710 -0.095346 0.153203 -0.028120
-0.013779 -0.130300 0.187143 -0.122798 -0.013311 0.041086 -0.073307 0.001219 -0.003206 -0.039404 0.027213 0.094940 -0.002727 -0.129261 0.089927 0.023333 -0.048678 0.063651 0.050176 0.023142 0.157121 0.121629 -0.019824 -0.022241 0.082937 0.196582 0.097877 0.033591 0.077764 0.186935 0.088447 0.025545 0.210160 0.172958 0.115770 1.000000 0.055631 0.098264 -0.111462 -0.152765 0.101279 -0.066054 0.071931 -0.048028 0.073128 0.016445 0.007882 0.002463 -0.163185 0.110678 -0.060558 0.055172 -0.025393 0.017735
0.012069 0.007855 -0.035301 0.045635 -0.123690 -0.024292 -0.001804 0.054510 -0.014642 0.030123 0.004491 -0.078878 0.049195 -0.000290 -0.032705 0.044256 -0.060420 0.021060 -0.029139 0.060612 -0.052736 -0.012110 -0.012138 -0.046006 0.085107 -0.031479 0.086383 -0.022848 0.016553 -0.028064 0.014954 -0.062964 0.009273 -0.038789 0.012234 0.055631 1.000000 -0.090822 -0.016004 -0.003625 0.012344 0.065945 -0.040471 0.027590 -0.017541 0.003879 -0.037667 -0.023229 0.017753 -0.045549 0.098610 -0.092670 0.000694 0.003286
-0.036311 0.012939 -0.043382 -0.090469 -0.009047 0.045383 -0.129778 -0.065471 -0.068514 0.001109 -0.008866 0.018088 -0.038220 -0.028728 0.014508 -0.036248 -0.001598 0.069105 -0.057663 0.000495 -0.029895 0.082392 -0.016627 0.054189 -0.027055 0.000224 -0.041621 0.108197 -0.034026 0.119392 0.010341 -0.024967 0.046012 -0.010368 0.026950 0.098264 -0.090822 1.000000 -0.532348 0.050221 -0.060379 0.013481 0.007259 -0.012738 0.011004 -0.051728 0.120549 -0.081706 -0.026112 0.083800 -0.009409 0.000220 -0.038095 0.063697
0.045778 0.067228 0.097226 0.063898 -0.021187 0.078645 0.140339 0.043414 0.022515 0.037781 0.032303 0.078669 0.062138 -0.001124 0.017871 0.017431 0.013476 -0.066978 0.037621 -0.006828 0.086328 -0.078557 0.061131 -0.021506 0.058235 -0.049012 0.034639 -0.047224 0.056620 -0.088761 0.007124 0.058861 -0.002224 -0.075719 0.001320 -0.111462 -0.016004 -0.532348 1.000000 -0.000619 0.046076 -0.009924 -0.044483 0.036941 0.012139 0.046893 0.010507 0.189582 0.025891 -0.066400 -0.007726 0.056221 0.010217 -0.009842
-0.035813 0.222724 -0.098750 0.081253 0.080381 0.060639 0.029887 -0.117032 -0.034036 0.123588 -0.035144 0.192468 0.020272 0.069723 0.046120 0.031950 0.029856 0.065455 0.124348 0.096614 -0.053992 -0.054154 0.077891 -0.062245 0.032946 -0.088529 0.015254 -0.104318 -0.064659 0.094957 -0.102788 0.001010 -0.106485 -0.083829 -0.127739 -0.152765 -0.003625 0.050221 -0.000619 1.000000 -0.504472 0.159141 -0.045103 0.066541 -0.062277 -0.087078 0.090383 -0.067154 0.131228 0.019514 -0.072137 0.096871 -0.108530 0.045011
0.030644 -0.280163 0.188535 -0.070861 -0.075276 0.024667 0.000595 0.229804 0.022970 -0.002803 -0.009192 -0.094667 0.014028 -0.066943 -0.064627 0.055932 0.036450 -0.087971 -0.066646 -0.029471 0.084182 0.064163 -0.008715 0.028302 0.032348 0.133619 0.021707 0.108945 0.168727 -0.070247 0.145591 0.010517 0.201756 0.052685 0.184907 0.101279 0.012344 -0.060379 0.046076 -0.504472 1.000000 -0.335416 0.092354 -0.106033 0.148106 0.076069 -0.046426 -0.018210 -0.025454 0.060148 0.105939 -0.063042 0.133081 -0.034265
0.001489 0.180245 -0.108189 0.034294 0.017323 -0.150283 0.110957 -0.141892 0.050501 -0.091786 0.049505 -0.117732 0.087977 0.023652 0.006383 -0.039767 -0.074483 -0.034303 -0.005307 -0.057848 -0.022131 -0.108288 -0.091427 -0.040759 -0.025038 -0.168014 0.072702 -0.165097 -0.070760 -0.099552 -0.175706 0.043367 -0.139655 -0.005027 -0.140725 -0.066054 0.065945 0.013481 -0.009924 0.159141 -0.335416 1.000000 -0.581363 0.528222 -0.422806 0.022633 0.021019 0.049189 0.012813 -0.040469 0.029437 -0.025896 -0.087727 0.016269
-0.047705 -0.109082 0.002892 0.063960 0.003082 0.148784 -0.050403 0.062853 -0.052233 0.110510 -0.034168 0.129896 0.006783 -0.076631 0.055546 0.018533 0.056714 0.066680 -0.025518 0.055429 -0.025368 0.117791 0.039831 0.010046 0.064252 0.119265 -0.050705 0.088499 0.067584 0.117264 0.097084 0.029159 0.127367 -0.084056 0.057027 0.071931 -0.040471 0.007259 -0.044483 -0.045103 0.092354 -0.581363 1.000000 -0.829105 0.623016 -0.046147 0.021432 -0.042937 -0.094757 0.057634 -0.045596 0.113001 0.032695 -0.022101
-0.000720 0.184741 0.044182 -0.105923 0.061139 -0.095460 0.018923 -0.133993 0.047346 -0.099656 0.040797 -0.095961 0.037469 0.060362 0.000387 0.006474 -0.040247 -0.012173 0.097080 0.001998 0.058231 -0.102847 0.000994 0.005063 -0.094647 -0.102600 0.095955 -0.081200 -0.048392 -0.033403 -0.085795 0.002266 -0.107674 0.065326 -0.093023 -0.048028 0.027590 -0.012738 0.036941 0.066541 -0.106033 0.528222 -0.829105 1.000000 -0.744220 0.023970 0.017872 0.016183 0.079957 -0.073742 0.036368 0.049212 -0.056600 0.049341
0.060236 -0.216657 0.013161 0.090215 -0.035023 0.053843 0.028598 0.186828 -0.037994 0.098460 -0.033293 0.063719 -0.040414 0.035559 -0.070452 0.049186 0.029182 -0.028667 -0.072176 0.011116 -0.059748 0.104504 0.016213 -0.006188 0.057048 0.084148 -0.061208 0.074327 0.037387 0.006125 0.102710 -0.039991 0.103029 -0.039395 0.145879 0.073128 -0.017541 0.011004 0.012139 -0.062277 0.148106 -0.422806 0.623016 -0.744220 1.000000 0.025124 -0.049552 0.011063 -0.094753 0.041470 0.035303 -0.133787 0.091479 -0.028858
0.011437 -0.026893 0.063140 -0.090558 0.023642 0.057900 -0.009919 0.027466 -0.021247 0.035848 0.027521 -0.059070 0.018195 0.006474 -0.003067 0.035231 0.038508 -0.042544 0.049129 0.009599 0.042497 0.069753 0.037490 0.039663 -0.001968 0.031742 0.024440 -0.005770 0.052528 0.044136 0.051124 -0.011428 0.012874 0.018438 0.020408 0.016445 0.003879 -0.051728 0.046893 -0.087078 0.076069 0.022633 -0.046147 0.023970 0.025124 1.000000 -0.098048 0.073731 0.003185 -0.030001 0.085947 -0.042081 0.062154 0.031805
-0.028842 0.097002 -0.022492 0.020413 0.053446 0.002292 0.015459 -0.029211 -0.024998 0.107008 -0.091817 0.111772 0.008110 0.019323 0.040174 0.022217 -0.001965 0.022943 0.083940 -0.014794 0.044490 -0.036007 0.038365 0.048373 -0.051878 0.028895 0.034365 0.019909 -0.002794 0.056825 0.006691 0.081469 -0.008600 -0.029464 -0.002300 0.007882 -0.037667 0.120549 0.010507 0.090383 -0.046426 0.021019 0.021432 0.017872 -0.049552 -0.098048 1.000000 -0.331539 0.028027 -0.008820 -0.013329 0.072938 -0.043241 0.042602
-0.020166 0.038127 -0.016840 -0.008081 0.005543 0.064105 -0.009944 -0.002695 0.033677 -0.006151 0.025838 -0.112306 0.091714 -0.035002 0.018865 -0.018096 -0.025891 -0.013935 -0.014026 -0.007141 0.057009 -0.005105 0.035997 -0.077703 0.029637 -0.042470 0.024943 -0.043708 0.028477 0.025559 0.023943 -0.034033 0.064820 -0.053723 0.036662 0.002463 -0.023229 -0.081706 0.189582 -0.067154 -0.018210 0.049189 -0.042937 0.016183 0.011063 0.073731 -0.331539 1.000000 -0.179271 0.018704 0.032984 0.004920 -0.028280 0.008808
0.007040 -0.061242 0.014122 -0.019150 0.005961 -0.035272 0.010516 0.027137 0.018227 -0.025454 0.034807 0.103021 -0.075390 0.117362 -0.096668 0.077408 0.065143 0.033474 0.075769 0.013726 -0.048554 0.033950 0.046146 -0.005498 0.034345 0.041193 0.000367 -0.054650 0.032611 -0.009895 0.039825 0.069737 -0.025518 -0.041480 -0.001001 -0.163185 0.017753 -0.026112 0.025891 0.131228 -0.025454 0.012813 -0.094757 0.079957 -0.094753 0.003185 0.028027 -0.179271 1.000000 -0.271534 0.041847 -0.068646 0.016552 -0.052311
-0.053211 -0.057275 0.079837 0.052320 -0.012084 0.021999 -0.024279 0.035430 0.005106 -0.005670 -0.006379 -0.008324 0.018018 -0.011998 0.004988 0.045373 -0.057630 0.034806 -0.007175 0.061940 0.013157 -0.003726 0.021485 0.039523 -0.040470 0.048926 0.012958 0.065660 -0.018054 0.038307 -0.032498 -0.086823 0.055063 0.098736 -0.047859 0.110678 -0.045549 0.083800 -0.066400 0.019514 0.060148 -0.040469 0.057634 -0.073742 0.041470 -0.030001 -0.008820 0.018704 -0.271534 1.000000 -0.326493 0.176697 -0.004992 -0.035204
0.026732 0.008687 0.050275 -0.026948 0.045357 0.037111 0.130600 0.045248 -0.021573 0.048899 -0.015380 -0.017981 -0.000493 -0.023752 -0.014622 -0.049219 0.008923 -0.135616 -0.116236 -0.046577 0.005819 -0.011685 -0.119619 -0.068796 0.052105 0.012636 -0.081435 -0.016806 -0.026364 -0.092854 0.035590 -0.005508 -0.010046 -0.114656 0.127710 -0.060558 0.098610 -0.009409 -0.007726 -0.072137 0.105939 0.029437 -0.045596 0.036368 0.035303 0.085947 -0.013329 0.032984 0.041847 -0.326493 1.000000 -0.474883 0.049385 0.069380
-0.031251 0.116645 -0.051165 0.046440 0.006088 0.031821 -0.073172 -0.081617 -0.000597 0.050648 -0.074115 0.113403 -0.001301 0.022919 0.068886 0.039309 -0.041269 0.107208 0.127070 0.046164 0.077186 0.005487 0.065338 0.086396 -0.067984 0.017009 0.089997 0.013656 0.038566 0.095309 -0.002443 0.053036 -0.000109 0.103711 -0.095346 0.055172 -0.092670 0.000220 0.056221 0.096871 -0.063042 -0.025896 0.113001 0.049212 -0.133787 -0.042081 0.072938 0.004920 -0.068646 0.176697 -0.474883 1.000000 -0.150859 0.019447
0.048392 -0.072888 0.005974 -0.111737 0.014515 -0.081481 0.069602 0.063034 -0.014280 -0.014938 -0.003446 -0.033661 -0.091018 0.017915 -0.081333 0.004170 0.010043 -0.071038 -0.030626 -0.062710 0.019632 -0.004993 -0.035756 0.012573 0.022032 -0.005578 -0.035354 0.065659 0.015161 -0.021693 0.059498 -0.010705 0.017080 -0.023730 0.153203 -0.025393 0.000694 -0.038095 0.010217 -0.108530 0.133081 -0.087727 0.032695 -0.056600 0.091479 0.062154 -0.043241 -0.028280 0.016552 -0.004992 0.049385 -0.150859 1.000000 -0.122790
-0.040349 0.067266 0.016200 0.033538 0.061782 0.052540 -0.032053 -0.037722 0.032239 0.018071 -0.017798 0.011188 -0.003256 -0.005944 0.055028 0.010489 0.032494 0.036533 0.006762 0.037232 -0.007680 -0.005533 0.024420 0.041065 -0.058629 0.021465 0.046805 -0.014994 0.015271 0.000906 0.057517 -0.033397 0.055479 -0.047784 -0.028120 0.017735 0.003286 0.063697 -0.009842 0.045011 -0.034265 0.016269 -0.022101 0.049341 -0.028858 0.031805 0.042602 0.008808 -0.052311 -0.035204 0.069380 0.019447 -0.122790 1.000000
