2822.797713 -1010.919130 206.794735 77.332677 101.218035 33.756113 290.074650 56.503524 115.539388 -199.305391 464.530512 157.973246 -112.983313 5.159948 -121.524988 240.925461 -192.160491 -108.696881 140.042296 61.643692 -91.070210 12.431040 7.705200 -71.485452 -23.042764 -47.120169 110.087813 -132.424234 -47.131278 -47.568528 -21.283997 -11.745330 -15.460876 140.582287 -12.345579 52.720380 22.151892 16.201088 -10.103710 -13.665162 -3.649725 -12.153077 144.688221 -69.725026 -142.516745 -0.045815 -1.644405 5.527983 -1.137442 -7.904289 13.869737 -1.949855 7.839948 -0.182177
-1010.919130 147583.523024 -37042.380845 22632.091702 -2071.007652 2141.744734 3891.384758 -1281.823265 3246.204141 331.986638 3886.361689 4796.655019 -2111.926445 2950.602784 2153.403587 131.515201 -337.371169 1570.365456 1357.741354 -217.357638 720.841289 -30.987306 1180.907605 -233.415966 73.494186 403.644472 1191.421488 -1515.099736 86.498215 -877.760409 51.618216 309.469389 81.941068 195.754812 202.664920 729.580893 -113.349160 53.917548 84.886047 546.194363 4.371275 42.041187 -560.646923 283.943594 693.169283 7.872279 13.726040 4.688668 -32.722514 -15.501941 15.823981 2.676093 95.937145 46.492082
206.794735 -37042.380845 186813.738387 -76003.885621 37090.517081 5876.433054 -467.809198 6128.562874 309.481828 4325.200835 -1287.342961 5420.322012 3563.668995 548.305686 1721.344681 2951.626407 3177.032564 3186.995800 -153.587016 7.916085 869.245700 1957.547821 -699.714974 1060.460488 161.782138 229.701260 1030.484550 1539.615432 -401.009854 936.643210 416.741189 -139.486764 441.361502 -15.219805 890.876978 332.183846 -219.912494 439.384660 -258.758923 -788.926454 29.563935 38.798433 -436.032659 304.541563 53.086898 28.217852 -30.531995 128.610725 32.377532 -56.307966 -60.607539 12.408798 -65.910252 14.606364
77.332677 22632.091702 -76003.885621 256667.197395 -76046.573578 26025.402594 2585.287670 -360.503530 1884.261729 4937.234769 5123.026939 444.057460 4484.414222 4826.388552 513.913707 5076.305329 5034.365221 -528.990357 2205.669355 2910.704879 956.972621 656.319427 2908.939860 1424.421023 1662.905130 2222.700019 908.159491 783.716030 1380.437501 1150.570276 187.604835 1426.440491 -0.223064 1912.783232 711.964132 1000.491756 -425.354746 -673.400647 723.192671 343.409606 -156.099674 141.470010 -825.823312 -109.640279 210.232656 -4.943805 11.747167 -134.974460 -0.002241 27.126707 -19.276203 214.037552 126.443032 288.886946
101.218035 -2071.007652 37090.517081 -76046.573578 221129.976017 -38326.430189 15875.275753 2808.193143 2451.001906 7110.447546 2705.788940 9138.943863 -2959.478134 7628.994055 -1734.991227 6888.718928 -152.422746 4813.497108 2284.037203 1434.438397 1279.365771 2775.884989 1227.069048 1211.367808 129.883563 -434.591318 706.864847 754.383863 742.183612 610.185577 917.278333 -484.911939 -114.539186 -560.533629 -31.682538 -886.933096 451.867310 832.529028 -384.273651 -235.405891 -72.217442 145.666777 -804.482182 316.542223 432.250287 -21.301122 27.132221 129.355446 8.125009 -2.696370 33.998557 -67.636628 -57.825208 -161.828488
33.756113 2141.744734 5876.433054 26025.402594 -38326.430189 135148.940375 -29813.812217 13966.952390 1080.190463 5058.733146 4152.446253 5951.619504 4584.512701 2247.646387 8873.797481 1657.386613 9928.293815 449.103761 5129.234704 2214.766247 2159.320734 2548.900763 3375.964947 2306.775913 2731.192986 2034.968772 2564.496832 2550.794331 441.317021 1338.474889 1093.971845 625.011736 1721.485722 1050.686937 1407.494673 1682.476696 -291.242615 236.594097 189.129443 -192.491842 -5.056519 201.055128 -869.474735 112.411017 186.376395 35.630569 36.962826 -94.459356 45.515889 -82.615210 16.785655 77.068877 96.914080 353.302459
290.074650 3891.384758 -467.809198 2585.287670 15875.275753 -29813.812217 58858.517382 -11349.328605 2459.399615 3196.224258 1265.887429 1862.656570 2076.871959 2395.297693 -1199.685171 5097.244095 -356.972986 2161.652881 657.695675 846.775853 1266.856015 1384.550581 1154.212409 1137.040550 188.273808 248.858554 683.837103 56.348563 707.175986 731.541863 -131.699098 1264.667556 -672.692305 493.316907 -53.086997 357.731623 64.380208 20.891911 134.409038 53.542847 -104.879082 104.139853 -242.884394 136.464320 249.057847 -14.721455 -25.219551 24.257166 -24.212723 55.384224 39.599449 -77.938074 38.396790 -62.492218
56.503524 -1281.823265 6128.562874 -360.503530 2808.193143 13966.952390 -11349.328605 23344.659622 -4973.748838 3042.287175 -191.432275 2541.973171 408.782056 2479.028939 976.523392 2642.643369 2328.748951 823.183280 1546.641640 659.559787 1269.853453 871.407520 578.789569 606.878583 675.872219 1084.570250 242.569133 1147.626700 223.312252 352.157253 198.121367 135.388456 276.636408 234.151962 217.095086 -38.525353 33.590389 -7.843337 226.369270 -88.830870 42.674898 22.451994 -516.415180 98.079392 64.910123 -8.106340 27.620395 -24.892248 24.647959 -0.635952 -2.137727 59.307943 49.885140 24.489248
115.539388 3246.204141 309.481828 1884.261729 2451.001906 1080.190463 2459.399615 -4973.748838 17624.524856 -6534.665472 1946.306631 1960.720018 527.161840 555.750550 59.585070 1119.643599 815.342551 1071.714544 418.058014 199.391155 230.513962 593.945280 283.994473 480.476722 108.675813 336.287876 151.110865 -46.728899 137.719315 246.162972 255.898308 427.267101 -127.983690 -57.151661 9.192367 409.915426 -33.604192 2.283001 32.442634 -129.817405 24.183434 -6.480863 190.465723 -86.051103 -47.885362 10.540808 4.436100 20.024325 -9.215995 1.335986 7.213747 -42.287755 -13.386032 10.309109
-199.305391 331.986638 4325.200835 4937.234769 7110.447546 5058.733146 3196.224258 3042.287175 -6534.665472 24812.405815 -10240.581278 6922.832270 -0.364978 3269.123190 1561.422678 2760.923007 3038.696121 2122.938854 1232.328210 1426.433918 1044.084242 1399.299683 1077.117089 1330.661070 901.918144 755.272597 1171.282110 965.402682 665.578836 645.431290 577.846072 535.794028 710.175811 372.634143 554.117049 215.906310 51.324653 139.531745 -52.877333 -4.311036 -78.168130 244.389880 -1101.273206 408.603753 437.046891 -8.677303 4.570194 -32.536449 14.677911 -32.399220 8.906439 31.098392 85.505244 -89.829196
464.530512 3886.361689 -1287.342961 5123.026939 2705.788940 4152.446253 1265.887429 -191.432275 1946.306631 -10240.581278 33077.803051 -14397.023211 8326.387018 -937.004195 2532.202265 1952.020086 1422.316136 1167.265809 1378.063930 1238.246620 596.568527 678.433132 1534.795914 154.460751 256.878367 722.714216 458.449438 182.869334 414.920709 353.288724 -105.217023 200.101382 -400.421485 228.260453 -253.305475 407.507792 -92.348719 48.200873 -101.849802 -27.156601 -5.389331 -202.093817 686.567963 -440.773603 -558.667432 2.665575 5.994305 45.720026 33.869027 35.862503 -41.772884 38.773086 -44.287261 64.177285
157.973246 4796.655019 5420.322012 444.057460 9138.943863 5951.619504 1862.656570 2541.973171 1960.720018 6922.832270 -14397.023211 39408.203619 -16491.943385 8412.231425 -689.753144 3655.560310 3165.052376 1677.732319 2582.824722 693.216143 1928.233852 1260.832864 1385.196064 1698.654742 990.238281 1137.093967 1402.042913 241.737594 700.775158 714.426786 688.990625 443.673224 620.814669 198.992411 705.075509 351.446148 38.828053 10.310846 127.940226 53.706989 -80.734638 270.635990 -1024.599162 448.372424 650.366447 9.322204 -4.007038 9.688256 -6.332632 2.812392 85.978380 0.690393 76.648951 -84.441913
-112.983313 -2111.926445 3563.668995 4484.414222 -2959.478134 4584.512701 2076.871959 408.782056 527.161840 -0.364978 8326.387018 -16491.943385 25042.626809 -8690.896502 7793.357057 -1643.090510 3307.362885 906.398701 622.073162 997.438009 769.644217 720.154331 887.396825 547.876039 430.527939 733.109147 -69.402596 676.641733 130.057918 255.620923 5.036822 256.151746 -133.738502 234.093049 -152.423156 104.942329 -4.288151 166.605793 -193.798481 16.755399 -25.063558 40.742716 -124.048624 -97.144451 -324.415559 -0.190485 13.561280 -19.134608 9.127808 3.361613 -22.196060 -3.096849 -8.280934 110.131995
5.159948 2950.602784 548.305686 4826.388552 7628.994055 2247.646387 2395.297693 2479.028939 555.750550 3269.123190 -937.004195 8412.231425 -8690.896502 24494.643282 -16912.457457 13635.216997 -1420.849186 1441.083440 2062.991508 1660.995412 895.512939 1600.710227 1501.546581 1101.201127 1282.770887 825.487185 819.078860 1255.486910 769.518039 689.484811 715.227793 950.842037 286.733760 308.194701 412.271407 492.660220 34.580578 -30.428516 334.090152 -20.310733 12.760603 -98.622345 -69.167677 -1.754674 204.316870 5.315984 6.633166 28.839942 -4.360169 27.328375 -2.588249 87.227298 -28.315774 -33.709543
-121.524988 2153.403587 1721.344681 513.913707 -1734.991227 8873.797481 -1199.685171 976.523392 59.585070 1561.422678 2532.202265 -689.753144 7793.357057 -16912.457457 37337.919167 -18737.894019 10287.103783 515.932599 1322.198007 497.410856 1764.430578 407.389389 843.516370 1271.676838 325.200254 1222.316745 1277.832816 -146.136541 1055.903454 311.921533 159.244297 -116.869462 557.771817 287.492789 271.812691 212.326187 24.815155 118.351963 -378.337171 16.533598 -82.260413 257.631769 -998.610821 336.029938 340.050154 7.148957 11.889176 -61.847003 31.085232 -12.692512 4.481770 -41.525292 104.082762 112.471492
240.925461 131.515201 2951.626407 5076.305329 6888.718928 1657.386613 5097.244095 2642.643369 1119.643599 2760.923007 1952.020086 3655.560310 -1643.090510 13635.216997 -18737.894019 34771.972515 -9406.953872 3807.671787 1597.968000 1958.334731 776.395374 1815.484996 2405.453341 1193.009052 1166.771833 1299.807604 670.001465 1228.164808 401.485461 1102.257211 483.075785 1307.166104 437.972802 341.794211 503.050896 272.104778 -10.266961 90.367887 339.857064 -11.715415 0.559133 28.751667 -382.488343 -91.844433 -241.193225 9.825419 -0.132445 35.145728 24.105110 -17.952766 -19.882149 130.906144 9.622754 -150.047945
-192.160491 -337.371169 3177.032564 5034.365221 -152.422746 9928.293815 -356.972986 2328.748951 815.342551 3038.696121 1422.316136 3165.052376 3307.362885 -1420.849186 10287.103783 -9406.953872 27795.647175 -4462.790600 2914.448463 1039.487737 2347.664175 1544.995035 1809.596696 1660.519274 1183.056190 1713.412752 1429.767730 997.149229 1636.880973 884.594704 737.720776 699.983064 -34.601989 580.985622 596.870831 710.549494 -30.000175 104.210291 -182.558789 -36.085388 -92.639586 314.375100 -1073.890948 475.000843 762.269528 -4.312815 9.128839 -44.330208 10.111064 24.163783 26.268380 -37.156848 21.278128 190.437489
-108.696881 1570.365456 3186.995800 -528.990357 4813.497108 449.103761 2161.652881 823.183280 1071.714544 2122.938854 1167.265809 1677.732319 906.398701 1441.083440 515.932599 3807.671787 -4462.790600 16688.291714 -1057.824406 892.114283 507.546977 1157.311457 574.009574 1168.231900 413.905120 750.304317 475.315300 888.857221 540.363239 393.096961 505.769223 450.282216 633.467217 335.123558 190.522582 590.048445 57.830095 -16.246431 87.823977 -32.037252 22.740091 -2.439023 -157.104949 53.548510 25.238465 2.821302 5.377491 26.085609 2.105516 0.877999 -37.775985 46.775590 -16.281965 -94.691002
140.042296 1357.741354 -153.587016 2205.669355 2284.037203 5129.234704 657.695675 1546.641640 418.058014 1232.328210 1378.063930 2582.824722 622.073162 2062.991508 1322.198007 1597.968000 2914.448463 -1057.824406 6612.771349 -14.149263 1265.686282 1086.473435 1156.404907 1078.859836 658.602640 988.094702 906.292382 504.451425 604.412142 610.233962 313.956828 580.934981 160.734967 287.564140 236.342264 391.310716 -6.966253 -0.913610 69.971827 -6.018552 -23.045118 88.325174 -390.030315 110.253945 229.404286 7.008196 8.725813 -2.279530 5.105086 9.997970 -0.904027 14.850046 53.441958 47.087089
61.643692 -217.357638 7.916085 2910.704879 1434.438397 2214.766247 846.775853 659.559787 199.391155 1426.433918 1238.246620 693.216143 997.438009 1660.995412 497.410856 1958.334731 1039.487737 892.114283 -14.149263 5039.959344 -576.332357 1229.075058 972.879468 582.723554 644.355918 725.973152 607.982294 521.990726 520.904375 431.786163 414.159566 404.776270 415.459420 255.079809 106.231827 273.969242 2.723301 36.726253 16.543292 16.469524 -23.195890 96.242891 -213.057507 29.749867 16.800166 3.037089 3.186254 1.485817 3.458982 9.404380 -27.117029 45.471805 -5.616166 21.946495
-91.070210 720.841289 869.245700 956.972621 1279.365771 2159.320734 1266.856015 1269.853453 230.513962 1044.084242 596.568527 1928.233852 769.644217 895.512939 1764.430578 776.395374 2347.664175 507.546977 1265.686282 -576.332357 5808.559216 -364.897156 1060.484716 765.794979 706.563063 1038.938250 727.307201 686.332259 573.723662 420.840137 428.687189 512.161243 97.926266 322.128389 262.428157 423.049902 30.534372 48.745540 33.539117 10.940067 -15.868157 83.247785 -325.347906 67.732441 80.740825 5.462345 9.566221 -11.447683 6.192270 -9.222343 17.268785 10.160766 23.667741 39.138542
12.431040 -30.987306 1957.547821 656.319427 2775.884989 2548.900763 1384.550581 871.407520 593.945280 1399.299683 678.433132 1260.832864 720.154331 1600.710227 407.389389 1815.484996 1544.995035 1157.311457 1086.473435 1229.075058 -364.897156 5389.467793 -40.586646 1177.897157 566.516534 637.038447 688.401327 333.130482 713.222122 516.372505 342.465338 358.971134 337.997992 298.499759 277.933812 289.233543 17.026247 22.457881 61.283004 -36.076437 -8.794653 14.653181 -205.270236 61.659554 132.734890 -1.359624 4.497447 8.224632 -5.274225 3.793170 0.051069 10.431411 42.906255 0.450562
7.705200 1180.907605 -699.714974 2908.939860 1227.069048 3375.964947 1154.212409 578.789569 283.994473 1077.117089 1534.795914 1385.196064 887.396825 1501.546581 843.516370 2405.453341 1809.596696 574.009574 1156.404907 972.879468 1060.484716 -40.586646 5894.744054 -9.646125 1046.253929 939.397652 1134.750833 803.339740 955.559926 588.946828 687.919017 612.988702 673.885158 469.103322 377.347408 646.852632 -21.437819 8.918863 -12.190871 46.815488 -45.790083 82.684710 -296.617507 82.220766 155.744897 12.072130 -3.506062 -9.610566 13.809745 13.746892 4.055639 -3.800447 -5.380014 57.755335
-71.485452 -233.415966 1060.460488 1424.421023 1211.367808 2306.775913 1137.040550 606.878583 480.476722 1330.661070 154.460751 1698.654742 547.876039 1101.201127 1271.676838 1193.009052 1660.519274 1168.231900 1078.859836 582.723554 765.794979 1177.897157 -9.646125 4170.712606 -76.487951 913.302430 796.482283 665.485757 562.344730 533.741589 460.689416 550.549010 257.239464 373.258899 308.728276 317.053181 35.967496 -11.938522 91.836178 -38.016031 -10.856744 15.693517 -102.579185 8.767635 -28.680518 -2.086823 1.873458 6.168812 7.945511 1.970591 8.847291 33.314525 21.720342 3.319595
-23.042764 73.494186 161.782138 1662.905130 129.883563 2731.192986 188.273808 675.872219 108.675813 901.918144 256.878367 990.238281 430.527939 1282.770887 325.200254 1166.771833 1183.056190 413.905120 658.602640 644.355918 706.563063 566.516534 1046.253929 -76.487951 3511.526717 52.686578 768.229599 487.481448 618.848935 401.697999 386.902794 436.978163 407.329785 435.799836 260.456171 332.068188 32.362023 89.829935 -33.010817 -29.416571 3.437829 9.782701 -102.703570 26.146368 138.093689 3.336014 7.827961 -15.691906 8.826424 -0.190614 7.768271 2.493093 4.844262 46.372388
-47.120169 403.644472 229.701260 2222.700019 -434.591318 2034.968772 248.858554 1084.570250 336.287876 755.272597 722.714216 1137.093967 733.109147 825.487185 1222.316745 1299.807604 1713.412752 750.304317 988.094702 725.973152 1038.938250 637.038447 939.397652 913.302430 52.686578 4126.302941 -95.848044 627.643171 589.544590 643.569803 462.156591 512.347113 264.436075 276.993715 371.100796 483.111975 21.220678 8.546759 75.949015 -17.527706 -22.441797 108.987221 -427.766875 150.515379 158.874216 2.207598 5.724573 -2.187440 2.591210 13.825820 0.420665 11.892239 24.370363 15.060625
110.087813 1191.421488 1030.484550 908.159491 706.864847 2564.496832 683.837103 242.569133 151.110865 1171.282110 458.449438 1402.042913 -69.402596 819.078860 1277.832816 670.001465 1429.767730 475.315300 906.292382 607.982294 727.307201 688.401327 1134.750833 796.482283 768.229599 -95.848044 4435.225457 -11.121864 760.267330 435.046079 547.286361 531.228443 448.760289 430.785359 480.262776 501.684137 -8.174911 -12.370854 -22.422606 -2.642460 -17.450725 60.612308 -28.836514 -1.825912 81.512306 7.782324 -7.365245 4.015554 10.504864 -10.140384 0.255262 3.294225 44.320215 9.106222
-132.424234 -1515.099736 1539.615432 783.716030 754.383863 2550.794331 56.348563 1147.626700 -46.728899 965.402682 182.869334 241.737594 676.641733 1255.486910 -146.136541 1228.164808 997.149229 888.857221 504.451425 521.990726 686.332259 333.130482 803.339740 665.485757 487.481448 627.643171 -11.121864 3665.300913 -209.063401 513.418169 340.136345 467.773821 265.524770 320.333211 343.608878 448.903048 14.592644 -26.533330 68.635936 11.226044 -4.242306 31.581863 -175.166340 46.608835 61.606731 -1.544293 5.753999 -0.544398 0.739704 11.414679 0.493746 26.263502 -15.514661 2.104791
-47.131278 86.498215 -401.009854 1380.437501 742.183612 441.317021 707.175986 223.312252 137.719315 665.578836 414.920709 700.775158 130.057918 769.518039 1055.903454 401.485461 1636.880973 540.363239 604.412142 520.904375 573.723662 713.222122 955.559926 562.344730 618.848935 589.544590 760.267330 -209.063401 3198.332592 37.277358 405.901321 568.508253 283.419323 332.358169 323.856859 517.708007 -16.562152 4.927457 -46.692997 66.444879 -24.344741 10.414625 10.287124 -10.443060 35.669394 4.377094 -1.267629 -6.929778 9.535374 -8.159530 7.762741 7.781355 16.117695 22.806311
-47.568528 -877.760409 936.643210 1150.570276 610.185577 1338.474889 731.541863 352.157253 246.162972 645.431290 353.288724 714.426786 255.620923 689.484811 311.921533 1102.257211 884.594704 393.096961 610.233962 431.786163 420.840137 516.372505 588.946828 533.741589 401.697999 643.569803 435.046079 513.418169 37.277358 2129.412456 89.227347 374.923831 276.225964 236.209956 165.045004 284.937324 -1.947783 -15.901720 14.741991 20.829744 -15.294269 37.535793 -180.600653 48.621974 8.517734 1.940200 1.068184 -4.038156 11.515125 -3.455360 2.300725 20.871757 -6.150030 13.168861
-21.283997 51.618216 416.741189 187.604835 917.278333 1093.971845 -131.699098 198.121367 255.898308 577.846072 -105.217023 688.990625 5.036822 715.227793 159.244297 483.075785 737.720776 505.769223 313.956828 414.159566 428.687189 342.465338 687.919017 460.689416 386.902794 462.156591 547.286361 340.136345 405.901321 89.227347 1773.818781 29.514756 304.651058 220.256240 278.549828 318.734408 7.541379 -2.718212 44.177338 1.562057 -1.425069 4.798705 24.378675 -7.074931 15.562058 1.315691 2.441777 -6.554446 -3.101460 -3.468445 13.241819 0.003430 14.525545 14.662878
-11.745330 309.469389 -139.486764 1426.440491 -484.911939 625.011736 1264.667556 135.388456 427.267101 535.794028 200.101382 443.673224 256.151746 950.842037 -116.869462 1307.166104 699.983064 450.282216 580.934981 404.776270 512.161243 358.971134 612.988702 550.549010 436.978163 512.347113 531.228443 467.773821 568.508253 374.923831 29.514756 2261.200386 -173.129614 259.306141 203.003893 330.866605 -31.746200 -17.106917 29.760216 6.847663 -12.518225 15.921246 -53.708941 21.140797 47.003856 3.287803 -3.018937 0.186504 4.366632 0.714883 5.289565 4.980603 4.648705 18.388103
-15.460876 81.941068 441.361502 -0.223064 -114.539186 1721.485722 -672.692305 276.636408 -127.983690 710.175811 -400.421485 620.814669 -133.738502 286.733760 557.771817 437.972802 -34.601989 633.467217 160.734967 415.459420 97.926266 337.997992 673.885158 257.239464 407.329785 264.436075 448.760289 265.524770 283.419323 276.225964 304.651058 -173.129614 2255.267789 64.406748 186.486157 369.577121 -7.277733 -2.000401 -11.154206 7.467846 0.143317 -26.032264 26.027151 -39.973852 -46.813435 0.898297 -1.147071 1.155188 -0.316670 11.083126 -7.671207 24.363363 17.803208 -9.574124
140.582287 195.754812 -15.219805 1912.783232 -560.533629 1050.686937 493.316907 234.151962 -57.151661 372.634143 228.260453 198.992411 234.093049 308.194701 287.492789 341.794211 580.985622 335.123558 287.564140 255.079809 322.128389 298.499759 469.103322 373.258899 435.799836 276.993715 430.785359 320.333211 332.358169 236.209956 220.256240 259.306141 64.406748 1552.885948 0.428779 279.507995 -39.358923 0.966918 -2.148472 45.341524 -16.263947 -0.915274 85.838339 -40.016360 -64.927355 4.368533 -1.566656 -18.514830 5.725341 -3.855730 10.186855 -8.101800 0.937168 18.588003
-12.345579 202.664920 890.876978 711.964132 -31.682538 1407.494673 -53.086997 217.095086 9.192367 554.117049 -253.305475 705.075509 -152.423156 412.271407 271.812691 503.050896 596.870831 190.522582 236.342264 106.231827 262.428157 277.933812 377.347408 308.728276 260.456171 371.100796 480.262776 343.608878 323.856859 165.045004 278.549828 203.003893 186.486157 0.428779 1528.945684 102.081057 0.443568 -28.887612 43.489783 18.552392 -7.548655 40.454366 -127.623286 69.445572 110.082132 2.002917 -7.073107 12.847038 -9.394908 -3.144508 4.990438 5.855658 15.160641 4.526578
52.720380 729.580893 332.183846 1000.491756 -886.933096 1682.476696 357.731623 -38.525353 409.915426 215.906310 407.507792 351.446148 104.942329 492.660220 212.326187 272.104778 710.549494 590.048445 391.310716 273.969242 423.049902 289.233543 646.852632 317.053181 332.068188 483.111975 501.684137 448.903048 517.708007 284.937324 318.734408 330.866605 369.577121 279.507995 102.081057 2756.394860 -8.255909 3.196846 39.078258 25.364354 -0.325184 -4.840989 124.198316 -58.133629 -69.405569 5.924370 -0.963450 0.178947 4.844526 5.477588 -12.978298 11.761605 -7.668063 -1.530711
22.151892 -113.349160 -219.912494 -425.354746 451.867310 -291.242615 64.380208 33.590389 -33.604192 51.324653 -92.348719 38.828053 -4.288151 34.580578 24.815155 -10.266961 -30.000175 57.830095 -6.966253 2.723301 30.534372 17.026247 -21.437819 35.967496 32.362023 21.220678 -8.174911 14.592644 -16.562152 -1.947783 7.541379 -31.746200 -7.277733 -39.358923 0.443568 -8.255909 402.640161 3.078417 36.838456 -8.628410 -1.611569 6.432785 -20.258651 -0.658120 2.437278 -0.206656 -1.329098 5.308343 -2.482456 3.716652 -3.963982 -0.373136 2.509283 -0.276882
16.201088 53.917548 439.384660 -673.400647 832.529028 236.594097 20.891911 -7.843337 2.283001 139.531745 48.200873 10.310846 166.605793 -30.428516 118.351963 90.367887 104.210291 -16.246431 -0.913610 36.726253 48.745540 22.457881 8.918863 -11.938522 89.829935 8.546759 -12.370854 -26.533330 4.927457 -15.901720 -2.718212 -17.106917 -2.000401 0.966918 -28.887612 3.196846 3.078417 374.773988 -266.265361 -15.870826 3.004834 18.553089 -89.252977 37.205576 49.384309 -0.289913 6.966886 -2.598748 -1.158006 -2.040229 2.917004 1.515690 -5.083667 6.674893
-10.103710 84.886047 -258.758923 723.192671 -384.273651 189.129443 134.409038 226.369270 32.442634 -52.877333 -101.849802 127.940226 -193.798481 334.090152 -378.337171 339.857064 -182.558789 87.823977 69.971827 16.543292 33.539117 61.283004 -12.190871 91.836178 -33.010817 75.949015 -22.422606 68.635936 -46.692997 14.741991 44.177338 29.760216 -11.154206 -2.148472 43.489783 39.078258 36.838456 -266.265361 768.024343 -33.845846 2.418531 -29.669459 109.000818 -51.400182 -86.647376 -1.812635 -2.533344 24.112332 -6.345053 -0.009991 -2.259047 1.191222 7.750154 -1.969253
-13.665162 546.194363 -788.926454 343.409606 -235.405891 -192.491842 53.542847 -88.830870 -129.817405 -4.311036 -27.156601 53.706989 16.755399 -20.310733 16.533598 -11.715415 -36.085388 -32.037252 -6.018552 16.469524 10.940067 -36.076437 46.815488 -38.016031 -29.416571 -17.527706 -2.642460 11.226044 66.444879 20.829744 1.562057 6.847663 7.467846 45.341524 18.552392 25.364354 -8.628410 -15.870826 -33.845846 373.690042 -52.174241 14.235622 11.662405 -15.097681 -37.571368 -0.632499 -2.175626 -2.741857 -13.294088 0.829306 2.734449 -2.789827 3.014736 1.953612
-3.649725 4.371275 29.563935 -156.099674 -72.217442 -5.056519 -104.879082 42.674898 24.183434 -78.168130 -5.389331 -80.734638 -25.063558 12.760603 -82.260413 0.559133 -92.639586 22.740091 -23.045118 -23.195890 -15.868157 -8.794653 -45.790083 -10.856744 3.437829 -22.441797 -17.450725 -4.242306 -24.344741 -15.294269 -1.425069 -12.518225 0.143317 -16.263947 -7.548655 -0.325184 -1.611569 3.004834 2.418531 -52.174241 39.108076 -24.262984 29.228038 -8.565876 -4.384430 0.164670 0.449933 0.737618 1.323734 -1.589692 0.118836 1.674636 -1.007064 -2.522028
-12.153077 42.041187 38.798433 141.470010 145.666777 201.055128 104.139853 22.451994 -6.480863 244.389880 -202.093817 270.635990 40.742716 -98.622345 257.631769 28.751667 314.375100 -2.439023 88.325174 96.242891 83.247785 14.653181 82.684710 15.693517 9.782701 108.987221 60.612308 31.581863 10.414625 37.535793 4.798705 15.921246 -26.032264 -0.915274 40.454366 -4.840989 6.432785 18.553089 -29.669459 14.235622 -24.262984 241.206432 -528.483163 202.601783 237.830473 -0.754110 -0.145219 -2.392810 0.092471 -4.533105 -4.625778 6.546877 1.750138 1.722714
144.688221 -560.646923 -436.032659 -825.823312 -804.482182 -869.474735 -242.884394 -516.415180 190.465723 -1101.273206 686.567963 -1024.599162 -124.048624 -69.167677 -998.610821 -382.488343 -1073.890948 -157.104949 -390.030315 -213.057507 -325.347906 -205.270236 -296.617507 -102.579185 -102.703570 -427.766875 -28.836514 -175.166340 10.287124 -180.600653 24.378675 -53.708941 26.027151 85.838339 -127.623286 124.198316 -20.258651 -89.252977 109.000818 11.662405 29.228038 -528.483163 2832.569805 -1011.951598 -1235.032463 1.407175 -4.951777 10.663115 1.824654 14.946472 -2.685049 -38.909680 -30.872507 9.087026
-69.725026 283.943594 304.541563 -109.640279 316.542223 112.411017 136.464320 98.079392 -86.051103 408.603753 -440.773603 448.372424 -97.144451 -1.754674 336.029938 -91.844433 475.000843 53.548510 110.253945 29.749867 67.732441 61.659554 82.220766 8.767635 26.146368 150.515379 -1.825912 46.608835 -10.443060 48.621974 -7.074931 21.140797 -39.973852 -40.016360 69.445572 -58.133629 -0.658120 37.205576 -51.400182 -15.097681 -8.565876 202.601783 -1011.951598 508.105026 616.159550 -1.439386 2.475862 -4.199542 -1.389713 -6.251280 6.575977 -9.573764 10.213218 -2.661114
-142.516745 693.169283 53.086898 210.232656 432.250287 186.376395 249.057847 64.910123 -47.885362 437.046891 -558.667432 650.366447 -324.415559 204.316870 340.050154 -241.193225 762.269528 25.238465 229.404286 16.800166 80.740825 132.734890 155.744897 -28.680518 138.093689 158.874216 81.512306 61.606731 35.669394 8.517734 15.562058 47.003856 -46.813435 -64.927355 110.082132 -69.405569 2.437278 49.384309 -86.647376 -37.571368 -4.384430 237.830473 -1235.032463 616.159550 1341.213684 -2.279923 2.239759 -5.851858 -1.420266 -5.438162 6.548229 -32.559483 22.631549 2.803414
-0.045815 7.872279 28.217852 -4.943805 -21.301122 35.630569 -14.721455 -8.106340 10.540808 -8.677303 2.665575 9.322204 -0.190485 5.315984 7.148957 9.825419 -4.312815 2.821302 7.008196 3.037089 5.462345 -1.359624 12.072130 -2.086823 3.336014 2.207598 7.782324 -1.544293 4.377094 1.940200 1.315691 3.287803 0.898297 4.368533 2.002917 5.924370 -0.206656 -0.289913 -1.812635 -0.632499 0.164670 -0.754110 1.407175 -1.439386 -2.279923 2.793602 -0.233253 0.362184 0.388149 -0.138766 0.709543 -0.303304 0.340605 0.354673
-1.644405 13.726040 -30.531995 11.747167 27.132221 36.962826 -25.219551 27.620395 4.436100 4.570194 5.994305 -4.007038 13.561280 6.633166 11.889176 -0.132445 9.128839 5.377491 8.725813 3.186254 9.566221 4.497447 -3.506062 1.873458 7.827961 5.724573 -7.365245 5.753999 -1.267629 1.068184 2.441777 -3.018937 -1.147071 -1.566656 -7.073107 -0.963450 -1.329098 6.966886 -2.533344 -2.175626 0.449933 -0.145219 -4.951777 2.475862 2.239759 -0.233253 4.118850 -3.231904 0.847835 -0.340279 0.270174 0.484796 -0.125900 0.226964
5.527983 4.688668 128.610725 -134.974460 129.355446 -94.459356 24.257166 -24.892248 20.024325 -32.536449 45.720026 9.688256 -19.134608 28.839942 -61.847003 35.145728 -44.330208 26.085609 -2.279530 1.485817 -11.447683 8.224632 -9.610566 6.168812 -15.691906 -2.187440 4.015554 -0.544398 -6.929778 -4.038156 -6.554446 0.186504 1.155188 -18.514830 12.847038 0.178947 5.308343 -2.598748 24.112332 -2.741857 0.737618 -2.392810 10.663115 -4.199542 -5.851858 0.362184 -3.231904 21.291120 -4.950256 1.688612 -0.825092 -0.000036 -0.205854 -0.689430
-1.137442 -32.722514 32.377532 -0.002241 8.125009 45.515889 -24.212723 24.647959 -9.215995 14.677911 33.869027 -6.332632 9.127808 -4.360169 31.085232 24.105110 10.111064 2.105516 5.105086 3.458982 6.192270 -5.274225 13.809745 7.945511 8.826424 2.591210 10.504864 0.739704 9.535374 11.515125 -3.101460 4.366632 -0.316670 5.725341 -9.394908 4.844526 -2.482456 -1.158006 -6.345053 -13.294088 1.323734 0.092471 1.824654 -1.389713 -1.420266 0.388149 0.847835 -4.950256 21.052866 -5.828534 0.327345 0.357653 -2.801033 -1.984956
-7.904289 -15.501941 -56.307966 27.126707 -2.696370 -82.615210 55.384224 -0.635952 1.335986 -32.399220 35.862503 2.812392 3.361613 27.328375 -12.692512 -17.952766 24.163783 0.877999 9.997970 9.404380 -9.222343 3.793170 13.746892 1.970591 -0.190614 13.825820 -10.140384 11.414679 -8.159530 -3.455360 -3.468445 0.714883 11.083126 -3.855730 -3.144508 5.477588 3.716652 -2.040229 -0.009991 0.829306 -1.589692 -4.533105 14.946472 -6.251280 -5.438162 -0.138766 -0.340279 1.688612 -5.828534 25.251211 -13.202394 5.304077 0.112631 -0.675126
13.869737 15.823981 -60.607539 -19.276203 33.998557 16.785655 39.599449 -2.137727 7.213747 8.906439 -41.772884 85.978380 -22.196060 -2.588249 4.481770 -19.882149 26.268380 -37.775985 -0.904027 -27.117029 17.268785 0.051069 4.055639 8.847291 7.768271 0.420665 0.255262 0.493746 7.762741 2.300725 13.241819 5.289565 -7.671207 10.186855 4.990438 -12.978298 -3.963982 2.917004 -2.259047 2.734449 0.118836 -4.625778 -2.685049 6.575977 6.548229 0.709543 0.270174 -0.825092 0.327345 -13.202394 40.985805 -17.017167 1.161113 3.822527
-1.949855 2.676093 12.408798 214.037552 -67.636628 77.068877 -77.938074 59.307943 -42.287755 31.098392 38.773086 0.690393 -3.096849 87.227298 -41.525292 130.906144 -37.156848 46.775590 14.850046 45.471805 10.160766 10.431411 -3.800447 33.314525 2.493093 11.892239 3.294225 26.263502 7.781355 20.871757 0.003430 4.980603 24.363363 -8.101800 5.855658 11.761605 -0.373136 1.515690 1.191222 -2.789827 1.674636 6.546877 -38.909680 -9.573764 -32.559483 -0.303304 0.484796 -0.000036 0.357653 5.304077 -17.017167 81.556343 -11.924085 -3.991107
7.839948 95.937145 -65.910252 126.443032 -57.825208 96.914080 38.396790 49.885140 -13.386032 85.505244 -44.287261 76.648951 -8.280934 -28.315774 104.082762 9.622754 21.278128 -16.281965 53.441958 -5.616166 23.667741 42.906255 -5.380014 21.720342 4.844262 24.370363 44.320215 -15.514661 16.117695 -6.150030 14.525545 4.648705 17.803208 0.937168 15.160641 -7.668063 2.509283 -5.083667 7.750154 3.014736 -1.007064 1.750138 -30.872507 10.213218 22.631549 0.340605 -0.125900 -0.205854 -2.801033 0.112631 1.161113 -11.924085 71.856815 -19.837505
-0.182177 46.492082 14.606364 288.886946 -161.828488 353.302459 -62.492218 24.489248 10.309109 -89.829196 64.177285 -84.441913 110.131995 -33.709543 112.471492 -150.047945 190.437489 -94.691002 47.087089 21.946495 39.138542 0.450562 57.755335 3.319595 46.372388 15.060625 9.106222 2.104791 22.806311 13.168861 14.662878 18.388103 -9.574124 18.588003 4.526578 -1.530711 -0.276882 6.674893 -1.969253 1.953612 -2.522028 1.722714 9.087026 -2.661114 2.803414 0.354673 0.226964 -0.689430 -1.984956 -0.675126 3.822527 -3.991107 -19.837505 166.672006
