1.000000 -0.049529 0.009005 0.002873 0.004051 0.001728 0.022504 0.006961 0.016381 -0.023815 0.048074 0.014978 -0.013438 0.000621 -0.011837 0.024318 -0.021694 -0.015837 0.032414 0.016343 -0.022491 0.003187 0.001889 -0.020834 -0.007319 -0.013807 0.031113 -0.041169 -0.015686 -0.019402 -0.009512 -0.004649 -0.006128 0.067146 -0.005943 0.018900 -0.020778 0.015751 -0.006862 0.013305 0.010985 0.014728 -0.051169 0.058220 -0.073245 -0.000516 -0.015250 0.022549 -0.004666 -0.029606 0.040777 -0.004064 0.017408 -0.000266
-0.049529 1.000000 -0.223088 0.116284 -0.011464 0.015165 0.041752 -0.021838 0.063650 0.005486 0.055623 0.062896 -0.034739 0.049075 0.029009 0.001836 -0.005267 0.031643 0.043462 -0.007970 0.024620 -0.001099 0.040037 -0.009408 0.003228 0.016357 0.046568 -0.065143 0.003981 -0.049514 0.003190 0.016941 0.004491 0.012931 0.013492 0.036173 0.014704 0.007250 0.007973 -0.073548 -0.001820 -0.007046 0.027421 -0.032790 0.049269 0.012260 0.017605 0.002645 -0.018564 -0.008030 0.006434 0.000771 0.029460 0.009374
0.009005 -0.223088 1.000000 -0.347093 0.182488 0.036983 -0.004461 0.092803 0.005394 0.063528 -0.016377 0.063172 0.052102 0.008106 0.020610 0.036622 0.044089 0.057078 -0.004370 0.000258 0.026388 0.061693 -0.021086 0.037991 0.006317 0.008273 0.035800 0.058837 -0.016405 0.046961 0.022893 -0.006787 0.021503 -0.000894 0.052713 0.014639 0.025356 0.052512 -0.021602 0.094423 -0.010938 -0.005780 0.018955 -0.031258 0.003354 0.039060 -0.034807 0.064487 0.016326 -0.025925 -0.021903 0.003179 -0.017989 0.002618
0.002873 0.116284 -0.347093 1.000000 -0.319206 0.139735 0.021034 -0.004657 0.028015 0.061868 0.055600 0.004415 0.055935 0.060870 0.005250 0.053734 0.059603 -0.008083 0.053538 0.080928 0.024784 0.017646 0.074785 0.043536 0.055390 0.068299 0.026917 0.025552 0.048180 0.049215 0.008792 0.059211 -0.000009 0.095810 0.035940 0.037615 0.041842 -0.068660 0.051509 -0.035065 0.049270 -0.017980 0.030628 0.009601 0.011331 -0.005838 0.011425 -0.057739 -0.000001 0.010655 -0.005943 0.046782 0.029443 0.044168
0.004051 -0.011464 0.182488 -0.319206 1.000000 -0.221701 0.139153 0.039085 0.039261 0.095993 0.031637 0.097899 -0.039770 0.103659 -0.019094 0.078560 -0.001944 0.079238 0.059729 0.042968 0.035697 0.080409 0.033987 0.039888 0.004661 -0.014387 0.022571 0.026498 0.027908 0.028120 0.046315 -0.021686 -0.005129 -0.030249 -0.001723 -0.035925 -0.047888 0.091452 -0.029487 0.025896 0.024558 -0.019945 0.032144 -0.029863 0.025099 -0.027102 0.028430 0.059616 0.003766 -0.001141 0.011293 -0.015927 -0.014506 -0.026656
0.001728 0.015165 0.036983 0.139735 -0.221701 1.000000 -0.334277 0.248657 0.022133 0.087358 0.062105 0.081552 0.078804 0.039065 0.124919 0.024177 0.161987 0.009457 0.171575 0.084861 0.077068 0.094444 0.119608 0.097161 0.125371 0.086173 0.104746 0.114608 0.021227 0.078899 0.070655 0.035753 0.098605 0.072527 0.097914 0.087171 0.039481 0.033244 0.018564 0.027086 0.002199 -0.035214 0.044439 -0.013565 0.013843 0.057987 0.049542 -0.055685 0.026984 -0.044721 0.007132 0.023214 0.031099 0.074440
0.022504 0.041752 -0.004461 0.021034 0.139153 -0.334277 1.000000 -0.306176 0.076360 0.083637 0.028689 0.038675 0.054096 0.063084 -0.025591 0.112672 -0.008826 0.068972 0.033337 0.049164 0.068515 0.077738 0.061965 0.072572 0.013096 0.015969 0.042324 0.003836 0.051542 0.065344 -0.012889 0.109623 -0.058387 0.051600 -0.005596 0.028085 -0.013225 0.004448 0.019991 -0.011417 0.069128 -0.027639 0.018811 -0.024954 0.028032 -0.036305 -0.051221 0.021669 -0.021751 0.045430 0.025496 -0.035573 0.018671 -0.019952
0.006961 -0.021838 0.092803 -0.004657 0.039085 0.248657 -0.306176 1.000000 -0.245206 0.126407 -0.006889 0.083808 0.016907 0.103670 0.033076 0.092753 0.091420 0.041706 0.124481 0.060806 0.109050 0.077688 0.049339 0.061504 0.074649 0.110505 0.023839 0.124066 0.025844 0.049947 0.030788 0.018635 0.038126 0.038890 0.036338 -0.004803 -0.010956 -0.002652 0.053461 0.030076 -0.044663 -0.009462 0.063506 -0.028478 0.011600 -0.031743 0.089073 -0.035308 0.035159 -0.000828 -0.002185 0.042982 0.038516 0.012415
0.016381 0.063650 0.005394 0.028015 0.039261 0.022133 0.076360 -0.245206 1.000000 -0.312486 0.080609 0.074398 0.025093 0.026748 0.002323 0.045228 0.036838 0.062491 0.038725 0.021156 0.022783 0.060942 0.027862 0.056041 0.013814 0.039434 0.017091 -0.005814 0.018343 0.040182 0.045767 0.067682 -0.020300 -0.010924 0.001771 0.058812 0.012615 0.000888 0.008818 0.050585 -0.029129 0.003143 -0.026957 0.028756 -0.009849 0.047504 0.016465 0.032689 -0.015130 0.002003 0.008488 -0.035272 -0.011895 0.006015
-0.023815 0.005486 0.063528 0.061868 0.095993 0.087358 0.083637 0.126407 -0.312486 1.000000 -0.357455 0.221389 -0.000015 0.132605 0.051299 0.093995 0.115708 0.104327 0.096206 0.127557 0.086969 0.121005 0.089063 0.130806 0.096624 0.074643 0.111653 0.101232 0.074714 0.088794 0.087101 0.071531 0.094936 0.060031 0.089964 0.026107 -0.016238 0.045757 -0.012113 0.001416 0.079353 -0.099897 0.131362 -0.115078 0.075761 -0.032959 0.014296 -0.044765 0.020308 -0.040932 0.008832 0.021861 0.064036 -0.044172
0.048074 0.055623 -0.016377 0.055600 0.031637 0.062105 0.028689 -0.006889 0.080609 -0.357455 1.000000 -0.398760 0.289300 -0.032918 0.072053 0.057557 0.046907 0.049682 0.093177 0.095901 0.043039 0.050812 0.109913 0.013151 0.023835 0.061861 0.037850 0.016608 0.040340 0.042095 -0.013736 0.023137 -0.046361 0.031849 -0.035619 0.042677 0.025305 0.013690 -0.020207 0.007724 0.004738 0.071547 -0.070929 0.107515 -0.083876 0.008769 0.016240 0.054480 0.040586 0.039240 -0.035876 0.023607 -0.028726 0.027333
0.014978 0.062896 0.063172 0.004415 0.097899 0.081552 0.038675 0.083808 0.074398 0.221389 -0.398760 1.000000 -0.524975 0.270759 -0.017981 0.098752 0.095631 0.065422 0.159996 0.049188 0.127448 0.086515 0.090884 0.132497 0.084178 0.089171 0.106050 0.020114 0.062420 0.077989 0.082407 0.047000 0.065852 0.025437 0.090834 0.033721 -0.009748 0.002683 0.023256 -0.013995 0.065033 -0.087780 0.096977 -0.100200 0.089457 0.028096 -0.009946 0.010577 -0.006952 0.002819 0.067652 0.000385 0.045549 -0.032948
-0.013438 -0.034739 0.052102 0.055935 -0.039770 0.078804 0.054096 0.016907 0.025093 -0.000015 0.289300 -0.524975 1.000000 -0.350905 0.254865 -0.055681 0.125358 0.044338 0.048340 0.088784 0.063814 0.061989 0.073037 0.053609 0.045911 0.072119 -0.006585 0.070626 0.014532 0.035005 0.000756 0.034040 -0.017796 0.037539 -0.024633 0.012631 0.001350 0.054383 -0.044190 -0.005477 0.025326 -0.016577 0.014729 0.027233 -0.055977 -0.000720 0.042225 -0.026205 0.012571 0.004227 -0.021909 -0.002167 -0.006173 0.053907
0.000621 0.049075 0.008106 0.060870 0.103659 0.039065 0.063084 0.103670 0.026748 0.132605 -0.032918 0.270759 -0.350905 1.000000 -0.559237 0.467210 -0.054453 0.071277 0.162095 0.149492 0.075076 0.139317 0.124960 0.108950 0.138314 0.082110 0.078584 0.132502 0.086940 0.095468 0.108506 0.127762 0.038578 0.049971 0.067368 0.059957 -0.011011 -0.010043 0.077027 0.006713 -0.013038 0.040574 0.008304 0.000497 0.035647 0.020322 0.020883 0.039936 -0.006072 0.034749 -0.002583 0.061715 -0.021343 -0.016683
-0.011837 0.029009 0.020610 0.005250 -0.019094 0.124919 -0.025591 0.033076 0.002323 0.051299 0.072053 -0.017981 0.254865 -0.559237 1.000000 -0.520033 0.319323 0.020669 0.084145 0.036260 0.119811 0.028718 0.056857 0.101905 0.028401 0.098475 0.099298 -0.012492 0.096625 0.034982 0.019567 -0.012719 0.060783 0.037756 0.035975 0.020929 -0.006400 0.031638 -0.070651 -0.004426 0.068074 -0.085848 0.097103 -0.077148 0.048053 0.022135 0.030317 -0.069366 0.035061 -0.013072 0.003623 -0.023796 0.063543 0.045085
0.024318 0.001836 0.036622 0.053734 0.078560 0.024177 0.112672 0.092753 0.045228 0.093995 0.057557 0.098752 -0.055681 0.467210 -0.520033 1.000000 -0.302584 0.158066 0.105381 0.147931 0.054630 0.132619 0.168016 0.099066 0.105590 0.108514 0.053951 0.108790 0.038071 0.128097 0.061510 0.147417 0.049458 0.046514 0.068992 0.027794 0.002744 0.025033 0.065765 0.003250 -0.000479 -0.009928 0.038540 0.021851 -0.035318 0.031525 -0.000350 0.040847 0.028173 -0.019159 -0.016655 0.077735 0.006088 -0.062328
-0.021694 -0.005267 0.044089 0.059603 -0.001944 0.161987 -0.008826 0.091420 0.036838 0.115708 0.046907 0.095631 0.125358 -0.054453 0.319323 -0.302584 1.000000 -0.207211 0.214969 0.087825 0.184762 0.126231 0.141371 0.154223 0.119748 0.159990 0.128771 0.098791 0.173607 0.114981 0.105063 0.088294 -0.004370 0.088432 0.091558 0.081177 0.008968 0.032288 -0.039512 0.011197 0.088854 -0.121413 0.121027 -0.126395 0.124845 -0.015477 0.026980 -0.057625 0.013218 0.028843 0.024611 -0.024679 0.015056 0.088477
-0.015837 0.031643 0.057078 -0.008083 0.079238 0.009457 0.068972 0.041706 0.062491 0.104327 0.049682 0.065422 0.044338 0.071277 0.020669 0.158066 -0.207211 1.000000 -0.100697 0.097275 0.051551 0.122031 0.057874 0.140029 0.054069 0.090417 0.055248 0.113650 0.073964 0.065942 0.092959 0.073301 0.103257 0.065831 0.037718 0.086998 -0.022309 -0.006496 0.024531 0.012829 -0.028148 0.001216 0.022850 -0.018389 0.005335 0.013067 0.020511 0.043762 0.003552 0.001353 -0.045677 0.040094 -0.014868 -0.056777
0.032414 0.043462 -0.004370 0.053538 0.059729 0.171575 0.033337 0.124481 0.038725 0.096206 0.093177 0.159996 0.048340 0.162095 0.084145 0.105381 0.214969 -0.100697 1.000000 -0.002451 0.204221 0.181993 0.185219 0.205432 0.136673 0.189159 0.167347 0.102464 0.131425 0.162620 0.091669 0.150233 0.041622 0.089737 0.074328 0.091656 0.004269 -0.000580 0.031049 0.003829 0.045316 -0.069936 0.090119 -0.060149 0.077030 0.051562 0.052872 -0.006075 0.013682 0.024467 -0.001736 0.020221 0.077528 0.044852
0.016343 -0.007970 0.000258 0.080928 0.042968 0.084861 0.049164 0.060806 0.021156 0.127557 0.095901 0.049188 0.088784 0.149492 0.036260 0.147931 0.087825 0.097275 -0.002451 1.000000 -0.106519 0.235826 0.178490 0.127100 0.153167 0.159194 0.128594 0.121449 0.129743 0.131803 0.138516 0.119904 0.123230 0.091179 0.038269 0.073505 -0.001912 0.026723 0.008409 -0.012001 0.052247 -0.087289 0.056389 -0.018591 0.006462 0.025595 0.022115 0.004536 0.010619 0.026362 -0.059664 0.070925 -0.009332 0.023945
-0.022491 0.024620 0.026388 0.024784 0.035697 0.077068 0.068515 0.109050 0.022783 0.086969 0.043039 0.127448 0.063814 0.075076 0.119811 0.054630 0.184762 0.051551 0.204221 -0.106519 1.000000 -0.065217 0.181233 0.155587 0.156448 0.212214 0.143293 0.148746 0.133109 0.119661 0.133552 0.141320 0.027056 0.107257 0.088060 0.105727 -0.019966 0.033038 0.015879 -0.007426 0.033293 -0.070331 0.080209 -0.039426 0.028927 0.042881 0.061847 -0.032552 0.017708 -0.024081 0.035392 0.014763 0.036634 0.039778
0.003187 -0.001099 0.061693 0.017646 0.080409 0.094444 0.077738 0.077688 0.060942 0.121005 0.050812 0.086515 0.061989 0.139317 0.028718 0.132619 0.126231 0.122031 0.181993 0.235826 -0.065217 1.000000 -0.007201 0.248444 0.130224 0.135087 0.140803 0.074953 0.171787 0.152426 0.110762 0.102829 0.096949 0.103181 0.096822 0.075042 -0.011558 0.015802 0.030122 0.025421 0.019156 -0.012852 0.052537 -0.037261 0.049370 -0.011081 0.030186 0.024280 -0.015658 0.010282 0.000109 0.015734 0.068947 0.000475
0.001889 0.040037 -0.021086 0.074785 0.033987 0.119608 0.061965 0.049339 0.027862 0.089063 0.109913 0.090884 0.073037 0.124960 0.056857 0.168016 0.141371 0.057874 0.185219 0.178490 0.181233 -0.007201 1.000000 -0.001945 0.229962 0.190474 0.221927 0.172827 0.220071 0.166232 0.212741 0.167900 0.184822 0.155048 0.125694 0.160473 0.013915 0.006001 -0.005729 -0.031543 0.095369 -0.069342 0.072590 -0.047509 0.055390 0.094074 -0.022501 -0.027128 0.039201 0.035631 0.008251 -0.005481 -0.008266 0.058268
-0.020834 -0.009408 0.037991 0.043536 0.039888 0.097161 0.072572 0.061504 0.056041 0.130806 0.013151 0.132497 0.053609 0.108950 0.101905 0.099066 0.154223 0.140029 0.205432 0.127100 0.155587 0.248444 -0.001945 1.000000 -0.019987 0.220155 0.185188 0.170208 0.153970 0.179100 0.169375 0.179276 0.083875 0.146668 0.122257 0.093510 -0.027755 -0.009549 0.051312 0.030451 0.026882 -0.015647 0.029844 -0.006023 -0.012126 -0.019333 0.014294 0.020701 0.026814 0.006072 0.021399 0.057122 0.039676 0.003982
-0.007319 0.003228 0.006317 0.055390 0.004661 0.125371 0.013096 0.074649 0.013814 0.096624 0.023835 0.084178 0.045911 0.138314 0.028401 0.105590 0.119748 0.054069 0.136673 0.153167 0.156448 0.130224 0.229962 -0.019987 1.000000 0.013841 0.194664 0.135880 0.184661 0.146900 0.155024 0.155075 0.144744 0.186625 0.112406 0.106735 -0.027216 0.078305 -0.020101 0.025680 -0.009277 -0.010630 0.032565 -0.019574 0.063632 0.033682 0.065090 -0.057389 0.032462 -0.000640 0.020477 0.004659 0.009644 0.060615
-0.013807 0.016357 0.008273 0.068299 -0.014387 0.086173 0.015969 0.110505 0.039434 0.074643 0.061861 0.089171 0.072119 0.082110 0.098475 0.108514 0.159990 0.090417 0.189159 0.159194 0.212214 0.135087 0.190474 0.220155 0.013841 1.000000 -0.022405 0.161390 0.162283 0.217113 0.170826 0.167731 0.086684 0.109426 0.147746 0.143251 -0.016463 0.006873 0.042663 0.014115 0.055866 -0.109245 0.125123 -0.103950 0.067534 0.020562 0.043911 -0.007380 0.008792 0.042832 0.001023 0.020500 0.044756 0.018161
0.031113 0.046568 0.035800 0.026917 0.022571 0.104746 0.042324 0.023839 0.017091 0.111653 0.037850 0.106050 -0.006585 0.078584 0.099298 0.053951 0.128771 0.055248 0.167347 0.128594 0.143293 0.140803 0.221927 0.185188 0.194664 -0.022405 1.000000 -0.002758 0.201858 0.141562 0.195120 0.167747 0.141892 0.164147 0.184427 0.143483 0.006117 -0.009595 -0.012149 0.002053 0.041901 -0.058601 0.008136 0.001216 0.033421 0.069915 -0.054493 0.013067 0.034378 -0.030301 0.000599 0.005477 0.078507 0.010591
-0.041169 -0.065143 0.058837 0.025552 0.026498 0.114608 0.003836 0.124066 -0.005814 0.101232 0.016608 0.020114 0.070626 0.132502 -0.012492 0.108790 0.098791 0.113650 0.102464 0.121449 0.148746 0.074953 0.172827 0.170208 0.135880 0.161390 -0.002758 1.000000 -0.061061 0.183775 0.133396 0.162484 0.092353 0.134269 0.145149 0.141230 -0.012012 -0.022639 0.040908 -0.009592 0.011205 -0.033588 0.054363 -0.034154 0.027786 -0.015261 0.046830 -0.001949 0.002663 0.037520 0.001274 0.048036 -0.030231 0.002693
-0.015686 0.003981 -0.016405 0.048180 0.027908 0.021227 0.051542 0.025844 0.018343 0.074714 0.040340 0.062420 0.014532 0.086940 0.096625 0.038071 0.173607 0.073964 0.131425 0.129743 0.133109 0.171787 0.220071 0.153970 0.184661 0.162283 0.201858 -0.061061 1.000000 0.014284 0.170414 0.211400 0.105528 0.149133 0.146452 0.174362 0.014595 0.004501 -0.029792 -0.060778 0.068835 -0.011857 -0.003418 0.008192 0.017222 0.046306 -0.011044 -0.026556 0.036747 -0.028712 0.021441 0.015236 0.033621 0.031236
-0.019402 -0.049514 0.046961 0.049215 0.028120 0.078899 0.065344 0.049947 0.040182 0.088794 0.042095 0.077989 0.035005 0.095468 0.034982 0.128097 0.114981 0.065942 0.162620 0.131803 0.119661 0.152426 0.166232 0.179100 0.146900 0.217113 0.141562 0.183775 0.014284 1.000000 0.045911 0.170861 0.126048 0.129897 0.091470 0.117611 0.002104 -0.017800 0.011528 -0.023351 0.052999 -0.052375 0.073536 -0.046744 0.005040 0.025156 0.011406 -0.018965 0.054386 -0.014901 0.007788 0.050084 -0.015722 0.022105
-0.009512 0.003190 0.022893 0.008792 0.046315 0.070655 -0.012889 0.030788 0.045767 0.087101 -0.013736 0.082407 0.000756 0.108506 0.019567 0.061510 0.105063 0.092959 0.091669 0.138516 0.133552 0.110762 0.212741 0.169375 0.155024 0.170826 0.195120 0.133396 0.170414 0.045911 1.000000 0.014737 0.152317 0.132710 0.169142 0.144146 -0.008924 -0.003334 0.037849 -0.001919 0.005411 -0.007336 -0.010876 0.007452 0.010089 0.018690 0.028567 -0.033727 -0.016049 -0.016388 0.049111 0.000009 0.040686 0.026967
-0.004649 0.016941 -0.006787 0.059211 -0.021686 0.035753 0.109623 0.018635 0.067682 0.071531 0.023137 0.047000 0.034040 0.127762 -0.012719 0.147417 0.088294 0.073301 0.150233 0.119904 0.141320 0.102829 0.167900 0.179276 0.155075 0.167731 0.167747 0.162484 0.211400 0.170861 0.014737 1.000000 -0.076666 0.138380 0.109179 0.132530 0.033271 -0.018583 0.022583 -0.007449 0.042096 -0.021558 0.021222 -0.019723 0.026991 0.041367 -0.031282 0.000850 0.020013 0.002992 0.017375 0.011598 0.011533 0.029953
-0.006128 0.004491 0.021503 -0.000009 -0.005129 0.098605 -0.058387 0.038126 -0.020300 0.094936 -0.046361 0.065852 -0.017796 0.038578 0.060783 0.049458 -0.004370 0.103257 0.041622 0.123230 0.027056 0.096949 0.184822 0.083875 0.144744 0.086684 0.141892 0.092353 0.105528 0.126048 0.152317 -0.076666 1.000000 0.034416 0.100427 0.148230 0.007637 -0.002176 -0.008475 -0.008135 -0.000483 0.035295 -0.010298 0.037342 -0.026917 0.011317 -0.011902 0.005272 -0.001453 0.046443 -0.025232 0.056808 0.044225 -0.015616
0.067146 0.012931 -0.000894 0.095810 -0.030249 0.072527 0.051600 0.038890 -0.010924 0.060031 0.031849 0.025437 0.037539 0.049971 0.037756 0.046514 0.088432 0.065831 0.089737 0.091179 0.107257 0.103181 0.155048 0.146668 0.186625 0.109426 0.164147 0.134269 0.149133 0.129897 0.132710 0.138380 0.034416 1.000000 0.000278 0.135099 0.049775 0.001267 -0.001967 -0.059521 0.065997 0.001496 -0.040928 0.045050 -0.044989 0.066326 -0.019589 -0.101824 0.031665 -0.019471 0.040379 -0.022766 0.002806 0.036537
-0.005943 0.013492 0.052713 0.035940 -0.001723 0.097914 -0.005596 0.036338 0.001771 0.089964 -0.035619 0.090834 -0.024633 0.067368 0.035975 0.068992 0.091558 0.037718 0.074328 0.038269 0.088060 0.096822 0.125694 0.122257 0.112406 0.147746 0.184427 0.145149 0.146452 0.091470 0.169142 0.109179 0.100427 0.000278 1.000000 0.049725 -0.000565 -0.038162 0.040133 -0.024544 0.030870 -0.066615 0.061326 -0.078790 0.076873 0.030647 -0.089130 0.071205 -0.052365 -0.016004 0.019935 0.016583 0.045739 0.008967
0.018900 0.036173 0.014639 0.037615 -0.035925 0.087171 0.028085 -0.004803 0.058812 0.026107 0.042677 0.033721 0.012631 0.059957 0.020929 0.027794 0.081177 0.086998 0.091656 0.073505 0.105727 0.075042 0.160473 0.093510 0.106735 0.143251 0.143483 0.141230 0.174362 0.117611 0.144146 0.132530 0.148230 0.135099 0.049725 1.000000 0.007837 0.003145 0.026858 -0.024992 0.000990 0.005937 -0.044448 0.049122 -0.036097 0.067513 -0.009042 0.000739 0.020111 0.020762 -0.038613 0.024807 -0.017230 -0.002258
-0.020778 0.014704 0.025356 0.041842 -0.047888 0.039481 -0.013225 -0.010956 0.012615 -0.016238 0.025305 -0.009748 0.001350 -0.011011 -0.006400 0.002744 0.008968 -0.022309 0.004269 -0.001912 -0.019966 -0.011558 0.013915 -0.027755 -0.027216 -0.016463 0.006117 -0.012012 0.014595 0.002104 -0.008924 0.033271 0.007637 0.049775 -0.000565 0.007837 1.000000 -0.007925 -0.066245 -0.022244 -0.012843 0.020642 -0.018970 -0.001455 -0.003317 0.006162 0.032637 -0.057333 0.026963 -0.036860 0.030857 0.002059 -0.014752 0.001069
0.015751 0.007250 0.052512 -0.068660 0.091452 0.033244 0.004448 -0.002652 0.000888 0.045757 0.013690 0.002683 0.054383 -0.010043 0.031638 0.025033 0.032288 -0.006496 -0.000580 0.026723 0.033038 0.015802 0.006001 -0.009549 0.078305 0.006873 -0.009595 -0.022639 0.004501 -0.017800 -0.003334 -0.018583 -0.002176 0.001267 -0.038162 0.003145 -0.007925 1.000000 -0.496298 0.042409 -0.024820 -0.061707 0.086626 -0.085260 0.069655 -0.008960 0.177323 -0.029092 -0.013037 -0.020973 0.023536 0.008670 -0.030978 0.026707
-0.006862 0.007973 -0.021602 0.051509 -0.029487 0.018564 0.019991 0.053461 0.008818 -0.012113 -0.020207 0.023256 -0.044190 0.077027 -0.070651 0.065765 -0.039512 0.024531 0.031049 0.008409 0.015879 0.030122 -0.005729 0.051312 -0.020101 0.042663 -0.012149 0.040908 -0.029792 0.011528 0.037849 0.022583 -0.008475 -0.001967 0.040133 0.026858 -0.066245 -0.496298 1.000000 0.063177 -0.013955 0.068933 -0.073901 0.082281 -0.085373 -0.039133 -0.045042 0.188561 -0.049899 -0.000072 -0.012733 0.004760 0.032990 -0.005504
0.013305 -0.073548 0.094423 -0.035065 0.025896 0.027086 -0.011417 0.030076 0.050585 0.001416 0.007724 -0.013995 -0.005477 0.006713 -0.004426 0.003250 0.011197 0.012829 0.003829 -0.012001 -0.007426 0.025421 -0.031543 0.030451 0.025680 0.014115 0.002053 -0.009592 -0.060778 -0.023351 -0.001919 -0.007449 -0.008135 -0.059521 -0.024544 -0.024992 -0.022244 0.042409 0.063177 1.000000 -0.431586 0.047416 0.011336 -0.034648 0.053070 0.019576 0.055455 0.030739 0.149881 -0.008537 -0.022095 0.015981 -0.018398 -0.007828
0.010985 -0.001820 -0.010938 0.049270 0.024558 0.002199 0.069128 -0.044663 -0.029129 0.079353 0.004738 0.065033 0.025326 -0.013038 0.068074 -0.000479 0.088854 -0.028148 0.045316 0.052247 0.033293 0.019156 0.095369 0.026882 -0.009277 0.055866 0.041901 0.011205 0.068835 0.052999 0.005411 0.042096 -0.000483 0.065997 0.030870 0.000990 -0.012843 -0.024820 -0.013955 -0.431586 1.000000 -0.249814 0.087817 -0.060766 0.019144 -0.015754 -0.035451 -0.025562 -0.046133 0.050587 -0.002968 -0.029652 0.018997 0.031238
0.014728 -0.007046 -0.005780 -0.017980 -0.019945 -0.035214 -0.027639 -0.009462 0.003143 -0.099897 0.071547 -0.087780 -0.016577 0.040574 -0.085848 -0.009928 -0.121413 0.001216 -0.069936 -0.087289 -0.070331 -0.012852 -0.069342 -0.015647 -0.010630 -0.109245 -0.058601 -0.033588 -0.011857 -0.052375 -0.007336 -0.021558 0.035295 0.001496 -0.066615 0.005937 0.020642 -0.061707 0.068933 0.047416 -0.249814 1.000000 -0.639361 0.578725 -0.418142 0.029051 0.004607 0.033390 -0.001298 0.058085 0.046524 -0.046678 -0.013294 -0.008592
-0.051169 0.027421 0.018955 0.030628 0.032144 0.044439 0.018811 0.063506 -0.026957 0.131362 -0.070929 0.096977 0.014729 0.008304 0.097103 0.038540 0.121027 0.022850 0.090119 0.056389 0.080209 0.052537 0.072590 0.029844 0.032565 0.125123 0.008136 0.054363 -0.003418 0.073536 -0.010876 0.021222 -0.010298 -0.040928 0.061326 -0.044448 -0.018970 0.086626 -0.073901 0.011336 0.087817 -0.639361 1.000000 -0.843515 0.633635 -0.015819 0.045844 -0.043420 -0.007472 -0.055887 0.007880 0.080954 0.068430 -0.013225
0.058220 -0.032790 -0.031258 0.009601 -0.029863 -0.013565 -0.024954 -0.028478 0.028756 -0.115078 0.107515 -0.100200 0.027233 0.000497 -0.077148 0.021851 -0.126395 -0.018389 -0.060149 -0.018591 -0.039426 -0.037261 -0.047509 -0.006023 -0.019574 -0.103950 0.001216 -0.034154 0.008192 -0.046744 0.007452 -0.019723 0.037342 0.045050 -0.078790 0.049122 -0.001455 -0.085260 0.082281 -0.034648 -0.060766 0.578725 -0.843515 1.000000 -0.746393 0.038205 -0.054120 0.040376 0.013437 0.055189 -0.045569 0.047030 -0.053451 0.009144
-0.073245 0.049269 0.003354 0.011331 0.025099 0.013843 0.028032 0.011600 -0.009849 0.075761 -0.083876 0.089457 -0.055977 0.035647 0.048053 -0.035318 0.124845 0.005335 0.077030 0.006462 0.028927 0.049370 0.055390 -0.012126 0.063632 0.067534 0.033421 0.027786 0.017222 0.005040 0.010089 0.026991 -0.026917 -0.044989 0.076873 -0.036097 -0.003317 0.069655 -0.085373 0.053070 0.019144 -0.418142 0.633635 -0.746393 1.000000 -0.037247 0.030135 -0.034629 -0.008452 -0.029550 0.027929 -0.098446 0.072901 0.005929
-0.000516 0.012260 0.039060 -0.005838 -0.027102 0.057987 -0.036305 -0.031743 0.047504 -0.032959 0.008769 0.028096 -0.000720 0.020322 0.022135 0.031525 -0.015477 0.013067 0.051562 0.025595 0.042881 -0.011081 0.094074 -0.019333 0.033682 0.020562 0.069915 -0.015261 0.046306 0.025156 0.018690 0.041367 0.011317 0.066326 0.030647 0.067513 0.006162 -0.008960 -0.039133 0.019576 -0.015754 0.029051 -0.015819 0.038205 -0.037247 1.000000 -0.068763 0.046962 0.050613 -0.016522 0.066310 -0.020094 0.024040 0.016437
-0.015250 0.017605 -0.034807 0.011425 0.028430 0.049542 -0.051221 0.089073 0.016465 0.014296 0.016240 -0.009946 0.042225 0.020883 0.030317 -0.000350 0.026980 0.020511 0.052872 0.022115 0.061847 0.030186 -0.022501 0.014294 0.065090 0.043911 -0.054493 0.046830 -0.011044 0.011406 0.028567 -0.031282 -0.011902 -0.019589 -0.089130 -0.009042 0.032637 0.177323 -0.045042 0.055455 -0.035451 0.004607 0.045844 -0.054120 0.030135 -0.068763 1.000000 -0.345121 0.091047 -0.033366 0.020794 0.026451 -0.007318 0.008662
0.022549 0.002645 0.064487 -0.057739 0.059616 -0.055685 0.021669 -0.035308 0.032689 -0.044765 0.054480 0.010577 -0.026205 0.039936 -0.069366 0.040847 -0.057625 0.043762 -0.006075 0.004536 -0.032552 0.024280 -0.027128 0.020701 -0.057389 -0.007380 0.013067 -0.001949 -0.026556 -0.018965 -0.033727 0.000850 0.005272 -0.101824 0.071205 0.000739 -0.057333 -0.029092 0.188561 0.030739 -0.025562 0.033390 -0.043420 0.040376 -0.034629 0.046962 -0.345121 1.000000 -0.233815 0.072827 -0.027931 -0.000001 -0.005263 -0.011573
-0.004666 -0.018564 0.016326 -0.000001 0.003766 0.026984 -0.021751 0.035159 -0.015130 0.020308 0.040586 -0.006952 0.012571 -0.006072 0.035061 0.028173 0.013218 0.003552 0.013682 0.010619 0.017708 -0.015658 0.039201 0.026814 0.032462 0.008792 0.034378 0.002663 0.036747 0.054386 -0.016049 0.020013 -0.001453 0.031665 -0.052365 0.020111 0.026963 -0.013037 -0.049899 0.149881 -0.046133 -0.001298 -0.007472 0.013437 -0.008452 0.050613 0.091047 -0.233815 1.000000 -0.252792 0.011144 0.008631 -0.072016 -0.033509
-0.029606 -0.008030 -0.025925 0.010655 -0.001141 -0.044721 0.045430 -0.000828 0.002003 -0.040932 0.039240 0.002819 0.004227 0.034749 -0.013072 -0.019159 0.028843 0.001353 0.024467 0.026362 -0.024081 0.010282 0.035631 0.006072 -0.000640 0.042832 -0.030301 0.037520 -0.028712 -0.014901 -0.016388 0.002992 0.046443 -0.019471 -0.016004 0.020762 -0.036860 -0.020973 -0.000072 -0.008537 0.050587 0.058085 -0.055887 0.055189 -0.029550 -0.016522 -0.033366 0.072827 -0.252792 1.000000 -0.410388 0.116880 0.002644 -0.010407
0.040777 0.006434 -0.021903 -0.005943 0.011293 0.007132 0.025496 -0.002185 0.008488 0.008832 -0.035876 0.067652 -0.021909 -0.002583 0.003623 -0.016655 0.024611 -0.045677 -0.001736 -0.059664 0.035392 0.000109 0.008251 0.021399 0.020477 0.001023 0.000599 0.001274 0.021441 0.007788 0.049111 0.017375 -0.025232 0.040379 0.019935 -0.038613 0.030857 0.023536 -0.012733 -0.022095 -0.002968 0.046524 0.007880 -0.045569 0.027929 0.066310 0.020794 -0.027931 0.011144 -0.410388 1.000000 -0.294335 0.021396 0.046249
-0.004064 0.000771 0.003179 0.046782 -0.015927 0.023214 -0.035573 0.042982 -0.035272 0.021861 0.023607 0.000385 -0.002167 0.061715 -0.023796 0.077735 -0.024679 0.040094 0.020221 0.070925 0.014763 0.015734 -0.005481 0.057122 0.004659 0.020500 0.005477 0.048036 0.015236 0.050084 0.000009 0.011598 0.056808 -0.022766 0.016583 0.024807 0.002059 0.008670 0.004760 0.015981 -0.029652 -0.046678 0.080954 0.047030 -0.098446 -0.020094 0.026451 -0.000001 0.008631 0.116880 -0.294335 1.000000 -0.155762 -0.034232
0.017408 0.029460 -0.017989 0.029443 -0.014506 0.031099 0.018671 0.038516 -0.011895 0.064036 -0.028726 0.045549 -0.006173 -0.021343 0.063543 0.006088 0.015056 -0.014868 0.077528 -0.009332 0.036634 0.068947 -0.008266 0.039676 0.009644 0.044756 0.078507 -0.030231 0.033621 -0.015722 0.040686 0.011533 0.044225 0.002806 0.045739 -0.017230 -0.014752 -0.030978 0.032990 -0.018398 0.018997 -0.013294 0.068430 -0.053451 0.072901 0.024040 -0.007318 -0.005263 -0.072016 0.002644 0.021396 -0.155762 1.000000 -0.181268
-0.000266 0.009374 0.002618 0.044168 -0.026656 0.074440 -0.019952 0.012415 0.006015 -0.044172 0.027333 -0.032948 0.053907 -0.016683 0.045085 -0.062328 0.088477 -0.056777 0.044852 0.023945 0.039778 0.000475 0.058268 0.003982 0.060615 0.018161 0.010591 0.002693 0.031236 0.022105 0.026967 0.029953 -0.015616 0.036537 0.008967 -0.002258 0.001069 0.026707 -0.005504 -0.007828 0.031238 -0.008592 -0.013225 0.009144 0.005929 0.016437 0.008662 -0.011573 -0.033509 -0.010407 0.046249 -0.034232 -0.181268 1.000000
