1.000000 0.134018 0.007718 0.017189 -0.036770 0.031290 -0.052978 0.035097 -0.066953 0.033425 -0.031925 0.040758 -0.053817 0.052569 -0.051731 0.056834 -0.044801 0.093994 -0.064067 0.037681 0.030564 -0.065661 0.071975 0.013085 -0.058834 0.086026 -0.069453 -0.006895
0.134018 1.000000 0.052468 0.015155 0.021403 -0.020101 -0.155812 -0.153623 0.088283 -0.065121 0.147021 -0.110503 0.072355 0.025293 -0.063673 0.045127 -0.016243 0.069843 -0.052718 0.045253 0.004677 -0.053397 0.072815 0.012044 -0.000181 -0.043875 0.120003 0.028895
0.007718 0.052468 1.000000 -0.032821 -0.129395 0.033485 0.182794 -0.023510 -0.098630 -0.079819 0.190297 -0.188470 0.068429 0.063948 -0.112027 0.028207 0.023492 0.060246 -0.105851 0.111181 -0.103757 0.067886 -0.066754 0.044408 -0.011415 -0.009472 0.040133 -0.069583
0.017189 0.015155 -0.032821 1.000000 0.040964 0.050535 0.047190 0.032026 -0.031205 0.005701 -0.005211 -0.017771 0.000861 0.044466 -0.044795 0.008216 0.032021 0.025017 -0.062201 0.080631 -0.067053 0.028097 0.006001 0.013190 0.022362 -0.004975 -0.058922 0.021788
-0.036770 0.021403 -0.129395 0.040964 1.000000 -0.165033 -0.343950 0.283355 0.082808 -0.130928 -0.137637 0.149406 -0.068113 -0.027149 0.085831 -0.080704 0.103193 -0.127538 0.136950 -0.117119 0.055112 0.025858 -0.066884 0.105073 -0.007010 0.017852 -0.087985 -0.002349
0.031290 -0.020101 0.033485 0.050535 -0.165033 1.000000 0.234498 0.220856 -0.633846 -0.050946 0.378011 -0.355880 0.247841 -0.031646 -0.047170 0.091833 -0.110522 0.154919 -0.127999 0.108864 -0.049686 -0.013277 0.021309 0.037464 -0.021997 -0.013319 0.021284 -0.012472
-0.052978 -0.155812 0.182794 0.047190 -0.343950 0.234498 1.000000 0.092735 0.012330 -0.188173 0.212571 -0.143038 -0.018297 0.238690 -0.291709 0.227040 -0.142632 0.183516 -0.147405 0.160300 -0.154731 0.131229 -0.120764 0.048841 -0.075474 0.052545 -0.054685 0.031543
0.035097 -0.153623 -0.023510 0.032026 0.283355 0.220856 0.092735 1.000000 -0.227015 -0.267852 -0.163992 0.271896 -0.140001 0.052753 -0.000295 0.000040 0.016584 0.053204 -0.060859 0.066447 -0.036065 -0.001963 0.002619 0.024322 -0.015387 0.064631 -0.150613 0.047954
-0.066953 0.088283 -0.098630 -0.031205 0.082808 -0.633846 0.012330 -0.227015 1.000000 -0.358581 -0.274295 0.333538 -0.229592 0.120391 -0.047937 -0.061835 0.133796 -0.145358 0.078525 -0.019812 -0.025906 0.085960 -0.065317 -0.021259 0.073858 0.002441 -0.031077 0.043627
0.033425 -0.065121 -0.079819 0.005701 -0.130928 -0.050946 -0.188173 -0.267852 -0.358581 1.000000 -0.242914 0.081340 -0.015946 -0.075742 0.080164 0.029916 -0.099433 0.022498 0.067560 -0.106297 0.111006 -0.080369 0.065328 -0.016365 -0.026552 -0.008172 0.057426 0.014559
-0.031925 0.147021 0.190297 -0.005211 -0.137637 0.378011 0.212571 -0.163992 -0.274295 -0.242914 1.000000 -0.848359 0.616790 -0.203655 0.085182 -0.018194 -0.007145 0.063025 -0.060365 0.063065 -0.044070 0.006753 -0.000546 0.018978 -0.047364 -0.034316 0.127285 -0.125504
0.040758 -0.110503 -0.188470 -0.017771 0.149406 -0.355880 -0.143038 0.271896 0.333538 0.081340 -0.848359 1.000000 -0.649510 0.294250 -0.136312 0.055971 0.026844 -0.046358 0.067717 -0.048396 0.040535 0.005061 0.006384 -0.028135 0.057278 0.049190 -0.142276 0.115945
-0.053817 0.072355 0.068429 0.000861 -0.068113 0.247841 -0.018297 -0.140001 -0.229592 -0.015946 0.616790 -0.649510 1.000000 -0.642114 0.527597 -0.243247 0.043159 0.001634 0.005390 0.013479 0.001138 0.009223 -0.021222 0.056119 -0.007925 -0.032547 0.093508 -0.089629
0.052569 0.025293 0.063948 0.044466 -0.027149 -0.031646 0.238690 0.052753 0.120391 -0.075742 -0.203655 0.294250 -0.642114 1.000000 -0.869833 0.435963 -0.071957 0.059441 -0.041263 0.027958 -0.011977 -0.037450 0.067358 -0.032792 -0.031705 0.043629 -0.059156 0.037493
-0.051731 -0.063673 -0.112027 -0.044795 0.085831 -0.047170 -0.291709 -0.000295 -0.047937 0.080164 0.085182 -0.136312 0.527597 -0.869833 1.000000 -0.634338 0.296157 -0.200901 0.094263 -0.051591 0.036108 0.046257 -0.083746 0.051874 0.027941 -0.016699 0.042802 -0.027111
0.056834 0.045127 0.028207 0.008216 -0.080704 0.091833 0.227040 0.000040 -0.061835 0.029916 -0.018194 0.055971 -0.243247 0.435963 -0.634338 1.000000 -0.841811 0.522527 -0.055553 -0.013025 0.014955 -0.039138 0.062903 -0.004188 -0.033717 0.020877 -0.011986 0.023762
-0.044801 -0.016243 0.023492 0.032021 0.103193 -0.110522 -0.142632 0.016584 0.133796 -0.099433 -0.007145 0.026844 0.043159 -0.071957 0.296157 -0.841811 1.000000 -0.650252 0.121053 -0.034893 0.017445 0.018637 -0.020806 -0.011162 0.038129 -0.008410 -0.015622 -0.004810
0.093994 0.069843 0.060246 0.025017 -0.127538 0.154919 0.183516 0.053204 -0.145358 0.022498 0.063025 -0.046358 0.001634 0.059441 -0.200901 0.522527 -0.650252 1.000000 -0.715963 0.600607 -0.348623 0.124868 -0.042047 0.018760 -0.053010 0.039643 -0.018944 -0.045674
-0.064067 -0.052718 -0.105851 -0.062201 0.136950 -0.127999 -0.147405 -0.060859 0.078525 0.067560 -0.060365 0.067717 0.005390 -0.041263 0.094263 -0.055553 0.121053 -0.715963 1.000000 -0.884364 0.549184 -0.231969 0.113611 -0.011928 0.045212 -0.027265 0.059812 0.047569
0.037681 0.045253 0.111181 0.080631 -0.117119 0.108864 0.160300 0.066447 -0.019812 -0.106297 0.063065 -0.048396 0.013479 0.027958 -0.051591 -0.013025 -0.034893 0.600607 -0.884364 1.000000 -0.754842 0.446580 -0.259666 0.065499 -0.055334 0.038777 -0.067207 -0.046930
0.030564 0.004677 -0.103757 -0.067053 0.055112 -0.049686 -0.154731 -0.036065 -0.025906 0.111006 -0.044070 0.040535 0.001138 -0.011977 0.036108 0.014955 0.017445 -0.348623 0.549184 -0.754842 1.000000 -0.789827 0.556909 -0.160550 0.071329 -0.044155 0.047858 0.020941
-0.065661 -0.053397 0.067886 0.028097 0.025858 -0.013277 0.131229 -0.001963 0.085960 -0.080369 0.006753 0.005061 0.009223 -0.037450 0.046257 -0.039138 0.018637 0.124868 -0.231969 0.446580 -0.789827 1.000000 -0.790610 0.275195 -0.064464 0.041017 -0.036468 0.007908
0.071975 0.072815 -0.066754 0.006001 -0.066884 0.021309 -0.120764 0.002619 -0.065317 0.065328 -0.000546 0.006384 -0.021222 0.067358 -0.083746 0.062903 -0.020806 -0.042047 0.113611 -0.259666 0.556909 -0.790610 1.000000 -0.438016 0.097169 -0.013758 0.007068 -0.002058
0.013085 0.012044 0.044408 0.013190 0.105073 0.037464 0.048841 0.024322 -0.021259 -0.016365 0.018978 -0.028135 0.056119 -0.032792 0.051874 -0.004188 -0.011162 0.018760 -0.011928 0.065499 -0.160550 0.275195 -0.438016 1.000000 -0.219626 0.037792 0.029131 -0.001681
-0.058834 -0.000181 -0.011415 0.022362 -0.007010 -0.021997 -0.075474 -0.015387 0.073858 -0.026552 -0.047364 0.057278 -0.007925 -0.031705 0.027941 -0.033717 0.038129 -0.053010 0.045212 -0.055334 0.071329 -0.064464 0.097169 -0.219626 1.000000 -0.324518 0.066814 -0.069720
0.086026 -0.043875 -0.009472 -0.004975 0.017852 -0.013319 0.052545 0.064631 0.002441 -0.008172 -0.034316 0.049190 -0.032547 0.043629 -0.016699 0.020877 -0.008410 0.039643 -0.027265 0.038777 -0.044155 0.041017 -0.013758 0.037792 -0.324518 1.000000 -0.405644 0.114571
-0.069453 0.120003 0.040133 -0.058922 -0.087985 0.021284 -0.054685 -0.150613 -0.031077 0.057426 0.127285 -0.142276 0.093508 -0.059156 0.042802 -0.011986 -0.015622 -0.018944 0.059812 -0.067207 0.047858 -0.036468 0.007068 0.029131 0.066814 -0.405644 1.000000 -0.392074
-0.006895 0.028895 -0.069583 0.021788 -0.002349 -0.012472 0.031543 0.047954 0.043627 0.014559 -0.125504 0.115945 -0.089629 0.037493 -0.027111 0.023762 -0.004810 -0.045674 0.047569 -0.046930 0.020941 0.007908 -0.002058 -0.001681 -0.069720 0.114571 -0.392074 1.000000
