85303.741226 20068.486793 383.644068 285.537079 -13872.082770 52286.685936 -39827.111489 38324.838683 -106759.257556 23809.536901 -27543.403179 18148.853371 -15639.340530 13981.528213 -10868.825126 11196.924215 -11509.682836 23817.514861 -20198.412113 9580.623767 6822.682940 -16526.978209 13874.125908 560.620307 -4067.327742 2928.552236 -7645.860020 -325.172172
20068.486793 262866.583893 4578.145221 441.908983 14174.241137 -58964.609380 -205620.657231 -294473.617850 247113.128293 -81429.218502 222661.346329 -86376.622328 36910.173222 11808.675480 -23483.896171 15606.931430 -7325.485849 31067.378481 -29175.858734 20197.770536 1832.567406 -23593.274888 24639.106890 905.848708 -22.010600 -2621.938160 23190.387864 2391.976040
383.644068 4578.145221 28963.929996 -317.685443 -28445.307823 32604.872979 80073.687448 -14959.261829 -91641.135103 -33130.210840 95666.391164 -48901.930311 11587.208544 9910.469245 -13715.143339 3238.105342 3516.682918 8895.533472 -19445.669806 16471.986981 -13496.068926 9956.736794 -7498.037556 1108.684703 -459.823256 -187.885550 2574.418066 -1912.041732
285.537079 441.908983 -317.685443 3234.752491 3009.449280 16444.505856 6908.264929 6809.980531 -9689.404043 790.820539 -875.387649 -1540.979517 48.723287 2302.937882 -1832.710224 315.195256 1601.958736 1234.418692 -3818.699306 3992.154156 -2914.739687 1377.144087 225.243687 110.046848 301.042180 -32.977895 -1263.125031 200.081224
-13872.082770 14174.241137 -28445.307823 3009.449280 1668510.264603 -1219663.819331 -1143558.162858 1368410.662353 583965.009610 -412464.727176 -525170.185686 294231.120880 -87539.780426 -31934.467864 79755.006747 -70318.687510 117248.731388 -142928.542095 190953.620329 -131697.713997 54408.771203 28784.995759 -57019.938108 19910.222654 -2143.363360 2687.718702 -42837.307684 -489.991811
52286.685936 -58964.609380 32604.872979 16444.505856 -1219663.819331 32734752.287425 3453363.817863 4724286.227094 -19798828.575323 -710889.988031 6388634.828424 -3104300.899262 1410876.383040 -164874.931810 -194141.740983 354414.950192 -556216.100516 768993.271805 -790518.849717 542220.153706 -217268.136269 -65466.620168 80465.858894 31443.715267 -29790.155222 -8882.157145 45898.762355 -11521.251417
-39827.111489 -205620.657231 80073.687448 6908.264929 -1143558.162858 3453363.817863 6625181.623711 892405.274345 173260.264128 -1181258.713939 1616222.053779 -561314.946345 -46859.806837 559461.923187 -540127.447949 394195.054398 -322928.999436 409813.891721 -409554.257840 359185.401984 -304395.017870 291093.213115 -205151.205966 18441.873921 -45982.358567 15764.080884 -53053.583343 13109.061584
38324.838683 -294473.617850 -14959.261829 6809.980531 1368410.662353 4724286.227094 892405.274345 13977948.073763 -4633690.330799 -2442342.268873 -1811106.395136 1549814.085806 -520791.423559 179599.629448 -793.635675 100.981089 54538.417079 172576.926859 -245609.841189 216264.470358 -103053.802765 -6325.260825 6463.347886 13339.492062 -13616.389819 28164.586060 -212243.513788 28947.226093
-106759.257556 247113.128293 -91641.135103 -9689.404043 583965.009610 -19798828.575323 173260.264128 -4633690.330799 29805882.026438 -4774500.610668 -4423517.177331 2776207.796371 -1247149.922747 598528.135034 -188266.200806 -227716.636940 642517.836986 -688501.167924 462762.952799 -94159.935176 -108097.784587 404438.893959 -235352.318659 -17026.017374 95443.482088 1553.603132 -63950.447031 38456.431288
23809.536901 -81429.218502 -33130.210840 790.820539 -412464.727176 -710889.988031 -1181258.713939 -2442342.268873 -4774500.610668 5948113.248795 -1750013.880441 302448.601940 -38693.967753 -168215.470489 140642.149455 49216.287048 -213309.250609 47604.577918 177860.838090 -225682.149125 206916.500199 -168920.005288 105153.993770 -5854.847642 -15327.680839 -2322.964603 52789.906504 5733.139110
-27543.403179 222661.346329 95666.391164 -875.387649 -525170.185686 6388634.828424 1616222.053779 -1811106.395136 -4423517.177331 -1750013.880441 8725652.302242 -3820623.674532 1812788.845461 -547812.036540 181005.763933 -36252.972500 -18565.004848 161520.536901 -192480.016879 162172.041103 -99494.808421 17191.785036 -1065.099855 8223.839789 -33116.419111 -11815.036441 141718.546080 -59857.756838
18148.853371 -86376.622328 -48901.930311 -1540.979517 294231.120880 -3104300.899262 -561314.946345 1549814.085806 2776207.796371 302448.601940 -3820623.674532 2324399.875224 -985263.706386 408516.285430 -149498.439805 57560.609885 35999.647008 -61318.532032 111443.214424 -64231.854795 47232.722988 6649.667937 6423.319112 -6292.476303 20669.929128 8741.199271 -81759.409233 28541.158826
-15639.340530 36910.173222 11587.208544 48.723287 -87539.780426 1410876.383040 -46859.806837 -520791.423559 -1247149.922747 -38693.967753 1812788.845461 -985263.706386 989970.821401 -581783.488112 377625.562723 -163256.007656 37772.281207 1410.566410 5789.463957 11674.722409 865.241496 7908.002880 -13936.084787 8191.114532 -1866.361622 -3774.548722 35067.999823 -14398.689984
13981.528213 11808.675480 9910.469245 2302.937882 -31934.467864 -164874.931810 559461.923187 179599.629448 598528.135034 -168215.470489 -547812.036540 408516.285430 -581783.488112 829231.320835 -569798.694364 267791.860671 -57637.385177 46961.300129 -40560.258532 22163.336200 -8335.655292 -29389.325707 40482.513490 -4380.471332 -6833.895172 4630.774928 -20304.302023 5512.504749
-10868.825126 -23483.896171 -13715.143339 -1832.710224 79755.006747 -194141.740983 -540127.447949 -793.635675 -188266.200806 140642.149455 181005.763933 -149498.439805 377625.562723 -569798.694364 517482.432751 -307806.837287 187396.125353 -125384.690144 73196.111375 -32307.676555 19852.153117 28676.506341 -39760.503586 5474.108937 4757.495725 -1400.143439 11605.368541 -3148.844510
11196.924215 15606.931430 3238.105342 315.195256 -70318.687510 354414.950192 394195.054398 100.981089 -227716.636940 49216.287048 -36252.972500 57560.609885 -163256.007656 267791.860671 -307806.837287 455008.802868 -499477.371558 305796.584021 -40449.680132 -7648.451732 7710.027556 -22751.676598 28004.048961 -414.408357 -5383.437136 1641.414451 -3047.362674 2587.951012
-11509.682836 -7325.485849 3516.682918 1601.958736 117248.731388 -556216.100516 -322928.999436 54538.417079 642517.836986 -213309.250609 -18565.004848 35999.647008 37772.281207 -57637.385177 187396.125353 -499477.371558 773718.535154 -496234.991214 114939.448629 -26718.487235 11728.163775 14128.011828 -12078.576031 -1440.299270 7938.555480 -862.258299 -5179.438841 -683.163394
23817.514861 31067.378481 8895.533472 1234.418692 -142928.542095 768993.271805 409813.891721 172576.926859 -688501.167924 47604.577918 161520.536901 -61318.532032 1410.566410 46961.300129 -125384.690144 305796.584021 -496234.991214 752710.352830 -670509.521040 453617.984162 -231169.798202 93362.307144 -24076.425541 2387.654560 -10886.027074 4008.788237 -6194.879396 -6398.067496
-20198.412113 -29175.858734 -19445.669806 -3818.699306 190953.620329 -790518.849717 -409554.257840 -245609.841189 462762.952799 177860.838090 -192480.016879 111443.214424 5789.463957 -40560.258532 73196.111375 -40449.680132 114939.448629 -670509.521040 1165200.804574 -831030.827021 453084.179422 -215792.241738 80939.708889 -1888.759880 11551.692784 -3430.368374 24335.536355 8290.592325
9580.623767 20197.770536 16471.986981 3992.154156 -131697.713997 542220.153706 359185.401984 216264.470358 -94159.935176 -225682.149125 162172.041103 -64231.854795 11674.722409 22163.336200 -32307.676555 -7648.451732 -26718.487235 453617.984162 -831030.827021 757829.102790 -502229.734697 335034.992951 -149190.070644 8364.517102 -11401.760784 3934.544939 -22052.219017 -6596.308684
6822.682940 1832.567406 -13496.068926 -2914.739687 54408.771203 -217268.136269 -304395.017870 -103053.802765 -108097.784587 206916.500199 -99494.808421 47232.722988 865.241496 -8335.655292 19852.153117 7710.027556 11728.163775 -231169.798202 453084.179422 -502229.734697 584145.877740 -520232.873114 280921.044366 -18000.776431 12903.957644 -3933.536156 13786.728352 2584.224121
-16526.978209 -23593.274888 9956.736794 1377.144087 28784.995759 -65466.620168 291093.213115 -6325.260825 404438.893959 -168920.005288 17191.785036 6649.667937 7908.002880 -29389.325707 28676.506341 -22751.676598 14128.011828 93362.307144 -215792.241738 335034.992951 -520232.873114 742693.854768 -449683.026065 34790.810704 -13149.765751 4120.047224 -11845.849709 1100.397298
13874.125908 24639.106890 -7498.037556 225.243687 -57019.938108 80465.858894 -205151.205966 6463.347886 -235352.318659 105153.993770 -1065.099855 6423.319112 -13936.084787 40482.513490 -39760.503586 28004.048961 -12078.576031 -24076.425541 80939.708889 -149190.070644 280921.044366 -449683.026065 435590.230960 -42408.110573 15179.644598 -1058.349986 1758.153745 -219.332093
560.620307 905.848708 1108.684703 110.046848 19910.222654 31443.715267 18441.873921 13339.492062 -17026.017374 -5854.847642 8223.839789 -6292.476303 8191.114532 -4380.471332 5474.108937 -414.408357 -1440.299270 2387.654560 -1888.759880 8364.517102 -18000.776431 34790.810704 -42408.110573 21519.860013 -7626.035051 646.184804 1610.763923 -39.823451
-4067.327742 -22.010600 -459.823256 301.042180 -2143.363360 -29790.155222 -45982.358567 -13616.389819 95443.482088 -15327.680839 -33116.419111 20669.929128 -1866.361622 -6833.895172 4757.495725 -5383.437136 7938.555480 -10886.027074 11551.692784 -11401.760784 12903.957644 -13149.765751 15179.644598 -7626.035051 56026.367169 -8953.105998 5960.887050 -2664.529124
2928.552236 -2621.938160 -187.885550 -32.977895 2687.718702 -8882.157145 15764.080884 28164.586060 1553.603132 -2322.964603 -11815.036441 8741.199271 -3774.548722 4630.774928 -1400.143439 1641.414451 -862.258299 4008.788237 -3430.368374 3934.544939 -3933.536156 4120.047224 -1058.349986 646.184804 -8953.105998 13585.514544 -17821.047305 2156.144106
-7645.860020 23190.387864 2574.418066 -1263.125031 -42837.307684 45898.762355 -53053.583343 -212243.513788 -63950.447031 52789.906504 141718.546080 -81759.409233 35067.999823 -20304.302023 11605.368541 -3047.362674 -5179.438841 -6194.879396 24335.536355 -22052.219017 13786.728352 -11845.849709 1758.153745 1610.763923 5960.887050 -17821.047305 142069.134451 -23860.683933
-325.172172 2391.976040 -1912.041732 200.081224 -489.991811 -11521.251417 13109.061584 28947.226093 38456.431288 5733.139110 -59857.756838 28541.158826 -14398.689984 5512.504749 -3148.844510 2587.951012 -683.163394 -6398.067496 8290.592325 -6596.308684 2584.224121 1100.397298 -219.332093 -39.823451 -2664.529124 2156.144106 -23860.683933 26069.306332
