1.000000 -0.005043 0.526073 0.668032 0.242307 0.586067 0.724114 -0.028758 -0.325029 0.019349 0.155531 -0.107672 0.065418 -0.002459 -0.001485 -0.044674 0.085250 -0.092827 0.075126 -0.042030 0.012686 0.032124 -0.054485 0.058079 -0.003012 0.010330 -0.068600 0.090813
-0.005043 1.000000 -0.190509 -0.022431 -0.150736 -0.188941 -0.232016 -0.111716 0.403900 -0.015346 -0.267096 0.265412 -0.207411 0.121655 -0.130362 0.209266 -0.205040 0.181899 -0.078071 0.050448 -0.012804 0.004664 -0.004863 0.003224 -0.044830 -0.024811 0.026697 0.048882
0.526073 -0.190509 1.000000 0.667070 0.497462 0.710190 0.597809 0.069485 -0.576947 0.323408 0.054623 -0.061108 -0.038181 0.115476 -0.139148 0.058393 0.036015 -0.141214 0.165474 -0.139762 0.073625 -0.014217 -0.041399 0.029420 0.017436 0.005995 -0.017541 0.078286
0.668032 -0.022431 0.667070 1.000000 0.101718 0.737012 0.680491 -0.023281 -0.439874 0.119469 0.164099 -0.123794 0.070494 -0.038284 0.019141 -0.036442 0.077657 -0.209922 0.257779 -0.194022 0.094710 0.022988 -0.071978 0.104192 0.016375 0.005138 -0.053368 0.073273
0.242307 -0.150736 0.497462 0.101718 1.000000 0.439068 0.439534 -0.020378 -0.201487 0.088954 0.065706 -0.033304 0.064390 -0.019878 0.012477 -0.000331 0.007737 0.025207 -0.045326 0.000121 0.050294 -0.091669 0.058508 -0.044266 -0.017889 -0.017914 0.033142 0.006789
0.586067 -0.188941 0.710190 0.737012 0.439068 1.000000 0.877836 -0.094443 -0.590211 0.226941 0.146579 -0.153989 0.090241 -0.013977 -0.017177 -0.010012 0.045229 -0.146222 0.183894 -0.159369 0.118650 -0.051432 -0.005147 0.020721 0.045475 0.018096 -0.030918 0.080269
0.724114 -0.232016 0.597809 0.680491 0.439534 0.877836 1.000000 -0.161726 -0.509290 0.170260 0.142995 -0.132002 0.109270 -0.064623 0.055711 -0.093632 0.091981 -0.119012 0.104417 -0.079655 0.058468 -0.034953 -0.003374 0.011318 0.039853 0.019772 -0.066158 0.082917
-0.028758 -0.111716 0.069485 -0.023281 -0.020378 -0.094443 -0.161726 1.000000 -0.163827 -0.092347 -0.133064 0.216043 -0.141000 0.120356 -0.070167 0.055424 -0.002295 -0.006320 0.021881 -0.014330 -0.002552 0.040435 -0.041914 0.016644 0.006077 0.008435 -0.076769 -0.022928
-0.325029 0.403900 -0.576947 -0.439874 -0.201487 -0.590211 -0.509290 -0.163827 1.000000 -0.331941 -0.313765 0.361469 -0.218261 0.053063 0.011732 0.040243 -0.042770 0.027373 0.028719 -0.066914 0.067724 -0.080235 0.097008 -0.036146 -0.003895 -0.064814 0.083023 -0.021139
0.019349 -0.015346 0.323408 0.119469 0.088954 0.226941 0.170260 -0.092347 -0.331941 1.000000 -0.331687 0.225496 -0.202156 0.141413 -0.141237 0.110271 -0.072727 0.046681 -0.031464 0.045747 -0.082947 0.090037 -0.052919 0.005658 -0.035244 0.035054 -0.014536 0.046604
0.155531 -0.267096 0.054623 0.164099 0.065706 0.146579 0.142995 -0.133064 -0.313765 -0.331687 1.000000 -0.867224 0.661620 -0.243914 0.138047 -0.110384 0.073128 -0.070865 0.061623 -0.040330 0.064506 -0.042087 0.007735 0.035083 0.003788 0.000236 -0.029897 0.042840
-0.107672 0.265412 -0.061108 -0.123794 -0.033304 -0.153989 -0.132002 0.216043 0.361469 0.225496 -0.867224 1.000000 -0.682144 0.324616 -0.191415 0.165060 -0.082233 0.076846 -0.018006 0.006650 -0.030350 0.016689 0.028556 -0.028099 0.002894 -0.026136 0.029918 -0.031217
0.065418 -0.207411 -0.038181 0.070494 0.064390 0.090241 0.109270 -0.141000 -0.218261 -0.202156 0.661620 -0.682144 1.000000 -0.678915 0.575030 -0.321536 0.100856 -0.012853 -0.004745 0.035182 -0.013192 0.013272 0.000192 0.014706 0.017305 0.031285 -0.018859 0.010115
-0.002459 0.121655 0.115476 -0.038284 -0.019878 -0.013977 -0.064623 0.120356 0.053063 0.141413 -0.243914 0.324616 -0.678915 1.000000 -0.880659 0.508364 -0.158364 0.053970 0.023098 -0.048439 0.047608 -0.037323 0.017318 0.007061 -0.007134 -0.045549 0.013580 0.043093
-0.001485 -0.130362 -0.139148 0.019141 0.012477 -0.017177 0.055711 -0.070167 0.011732 -0.141237 0.138047 -0.191415 0.575030 -0.880659 1.000000 -0.692029 0.364429 -0.187964 0.012584 0.045221 -0.057540 0.057203 -0.028093 -0.008430 0.019600 0.028778 -0.030284 -0.015132
-0.044674 0.209266 0.058393 -0.036442 -0.000331 -0.010012 -0.093632 0.055424 0.040243 0.110271 -0.110384 0.165060 -0.321536 0.508364 -0.692029 1.000000 -0.849053 0.530867 -0.043733 -0.055753 0.081682 -0.063886 0.071227 -0.003204 -0.005958 -0.025546 0.058920 -0.034553
0.085250 -0.205040 0.036015 0.077657 0.007737 0.045229 0.091981 -0.002295 -0.042770 -0.072727 0.073128 -0.082233 0.100856 -0.158364 0.364429 -0.849053 1.000000 -0.682602 0.145537 -0.024738 -0.025999 0.044926 -0.068014 0.013315 -0.005669 0.015370 -0.056733 0.064273
-0.092827 0.181899 -0.141214 -0.209922 0.025207 -0.146222 -0.119012 -0.006320 0.027373 0.046681 -0.070865 0.076846 -0.012853 0.053970 -0.187964 0.530867 -0.682602 1.000000 -0.706749 0.569204 -0.315958 0.120910 -0.019768 0.010335 0.005046 0.003449 -0.014931 -0.011961
0.075126 -0.078071 0.165474 0.257779 -0.045326 0.183894 0.104417 0.021881 0.028719 -0.031464 0.061623 -0.018006 -0.004745 0.023098 0.012584 -0.043733 0.145537 -0.706749 1.000000 -0.881834 0.572588 -0.280707 0.156110 -0.029306 0.032675 -0.022979 0.076332 -0.045082
-0.042030 0.050448 -0.139762 -0.194022 0.000121 -0.159369 -0.079655 -0.014330 -0.066914 0.045747 -0.040330 0.006650 0.035182 -0.048439 0.045221 -0.055753 -0.024738 0.569204 -0.881834 1.000000 -0.778634 0.507820 -0.332326 0.103711 -0.046652 0.028922 -0.092555 0.037492
0.012686 -0.012804 0.073625 0.094710 0.050294 0.118650 0.058468 -0.002552 0.067724 -0.082947 0.064506 -0.030350 -0.013192 0.047608 -0.057540 0.081682 -0.025999 -0.315958 0.572588 -0.778634 1.000000 -0.813159 0.596089 -0.188846 0.034937 -0.031021 0.078978 -0.015393
0.032124 0.004664 -0.014217 0.022988 -0.091669 -0.051432 -0.034953 0.040435 -0.080235 0.090037 -0.042087 0.016689 0.013272 -0.037323 0.057203 -0.063886 0.044926 0.120910 -0.280707 0.507820 -0.813159 1.000000 -0.810253 0.327533 -0.053619 0.028158 -0.056789 0.006490
-0.054485 -0.004863 -0.041399 -0.071978 0.058508 -0.005147 -0.003374 -0.041914 0.097008 -0.052919 0.007735 0.028556 0.000192 0.017318 -0.028093 0.071227 -0.068014 -0.019768 0.156110 -0.332326 0.596089 -0.810253 1.000000 -0.491363 0.107863 -0.034646 0.049718 -0.016729
0.058079 0.003224 0.029420 0.104192 -0.044266 0.020721 0.011318 0.016644 -0.036146 0.005658 0.035083 -0.028099 0.014706 0.007061 -0.008430 -0.003204 0.013315 0.010335 -0.029306 0.103711 -0.188846 0.327533 -0.491363 1.000000 -0.212264 0.053622 -0.037104 0.037881
-0.003012 -0.044830 0.017436 0.016375 -0.017889 0.045475 0.039853 0.006077 -0.003895 -0.035244 0.003788 0.002894 0.017305 -0.007134 0.019600 -0.005958 -0.005669 0.005046 0.032675 -0.046652 0.034937 -0.053619 0.107863 -0.212264 1.000000 -0.383999 0.115220 -0.008926
0.010330 -0.024811 0.005995 0.005138 -0.017914 0.018096 0.019772 0.008435 -0.064814 0.035054 0.000236 -0.026136 0.031285 -0.045549 0.028778 -0.025546 0.015370 0.003449 -0.022979 0.028922 -0.031021 0.028158 -0.034646 0.053622 -0.383999 1.000000 -0.384139 0.026751
-0.068600 0.026697 -0.017541 -0.053368 0.033142 -0.030918 -0.066158 -0.076769 0.083023 -0.014536 -0.029897 0.029918 -0.018859 0.013580 -0.030284 0.058920 -0.056733 -0.014931 0.076332 -0.092555 0.078978 -0.056789 0.049718 -0.037104 0.115220 -0.384139 1.000000 -0.394920
0.090813 0.048882 0.078286 0.073273 0.006789 0.080269 0.082917 -0.022928 -0.021139 0.046604 0.042840 -0.031217 0.010115 0.043093 -0.015132 -0.034553 0.064273 -0.011961 -0.045082 0.037492 -0.015393 0.006490 -0.016729 0.037881 -0.008926 0.026751 -0.394920 1.000000
