9657532.869543 -23014.645891 7575780.958784 5892369.762671 1565277.123048 11856026.911623 17109245.005369 -217668.793693 -5571774.027413 133514.386976 1529472.429604 -520467.786487 205963.211027 -7190.906609 -3493.635047 -102002.365407 251784.159952 -256058.152155 236816.364608 -114348.050922 30778.296387 88249.366335 -118972.330423 26778.841013 -2295.963297 3767.027018 -80203.516586 48336.477029
-23014.645891 2156967.027559 -1296537.364406 -93502.911293 -460182.703163 -1806375.082420 -2590781.621419 -399611.704017 3272149.801194 -50044.123243 -1241306.944838 606316.671483 -308610.947069 168152.036834 -144924.953169 225809.075014 -286194.554139 237128.259668 -116305.507814 64864.105954 -14681.575320 6054.893205 -5018.481350 702.510523 -16150.065860 -4275.787490 14750.661595 12296.108693
7575780.958784 -1296537.364406 21473156.531599 8773634.648170 4791825.131381 21423047.397633 21062094.780776 784220.311138 -14747603.007549 3327615.227611 800960.122770 -440455.350450 -179246.297915 503604.000668 -488083.547783 198804.995855 158610.580670 -580840.322410 777797.069067 -566991.477550 266356.494216 -58237.739970 -134793.878122 20226.735842 19818.458361 3259.737589 -30580.367433 62134.086571
5892369.762671 -93502.911293 8773634.648170 8056006.062862 600138.257385 13617377.069456 14684970.223407 -160940.607385 -6886933.082010 752919.322744 1473860.362049 -546534.040120 202709.304883 -102264.269851 41123.570647 -75994.843660 209478.631998 -528870.964250 742155.610206 -482114.807238 209867.863822 57676.869287 -143547.512634 43876.983612 11400.438217 1711.304732 -56987.307163 35620.370365
1565277.123048 -460182.703163 4791825.131381 600138.257385 4321015.303037 5941332.149732 6946665.609928 -103168.223783 -2310349.948868 410573.178648 432202.672438 -107683.770627 135603.222230 -38888.674912 19633.124068 -506.277114 15284.131193 46510.057746 -95572.483281 221.018583 81620.365545 -168446.656733 85455.899894 -13652.182648 -9121.473636 -4369.668857 25917.961674 2417.197728
11856026.911623 -1806375.082420 21423047.397633 13617377.069456 5941332.149732 42375817.972493 43447381.034640 -1497365.058572 -21193589.140217 3280251.279373 3019407.014836 -1559218.090215 595145.729419 -85630.592127 -84638.865947 -47887.432755 279821.943198 -844894.626884 1214270.347893 -908242.460308 603001.597018 -295965.614667 -23542.295481 20013.033858 72613.194465 13823.058795 -75719.388778 89496.172975
17109245.005369 -2590781.621419 21062094.780776 14684970.223407 6946665.609928 43447381.034640 57807211.620685 -2994810.727645 -21359634.746190 2874335.733491 3440348.017533 -1561087.871279 841683.875840 -462409.287247 320630.055115 -523044.739143 664646.360380 -803179.945893 805289.915875 -530203.036689 347058.386875 -234921.035378 -18024.806452 12767.261142 74325.855996 17639.551289 -189237.859467 107976.332059
-217668.793693 -399611.704017 784220.311138 -160940.607385 -103168.223783 -1497365.058572 -2994810.727645 5931978.734196 -2201021.330235 -499409.732787 -1025533.723838 818460.830732 -347917.707139 275878.547172 -129360.835276 99179.124580 -5313.101361 -13663.900967 54057.238721 -30556.227763 -4852.437418 87057.958517 -71729.454792 6014.529362 3630.694194 2410.661231 -70343.117682 -9564.352143
-5571774.027413 3272149.801194 -14747603.007549 -6886933.082010 -2310349.948868 -21193589.140217 -21359634.746190 -2201021.330235 30428167.814033 -4065676.413648 -5476877.468706 3101460.942988 -1219753.834646 275472.973400 48984.849663 163097.491427 -224223.099715 134027.584601 160692.039531 -323145.167436 291657.130772 -391243.881961 375993.624241 -29582.906515 -5270.743494 -41953.027818 172293.833388 -19972.236808
133514.386976 -50044.123243 3327615.227611 752919.322744 410573.178648 3280251.279373 2874335.733491 -499409.732787 -4065676.413648 4930245.555633 -2330526.043941 778806.334246 -454757.587066 295512.018362 -237384.233592 179894.750300 -153472.835611 92004.725891 -70864.818916 88928.124231 -143789.376770 176726.717699 -82561.928660 1863.851774 -19195.747624 9133.344591 -12142.960643 17723.713766
1529472.429604 -1241306.944838 800960.122770 1473860.362049 432202.672438 3019407.014836 3440348.017533 -1025533.723838 -5476877.468706 -2330526.043941 10013400.297686 -4268538.664820 2121085.502033 -726405.166204 330663.623233 -256637.667230 219925.618102 -199045.446198 197797.212725 -111726.958800 159361.402143 -117730.592093 17198.853651 16471.176666 2940.298980 87.588084 -35591.730628 23218.557727
-520467.786487 606316.671483 -440455.350450 -546534.040120 -107683.770627 -1559218.090215 -1561087.871279 818460.830732 3101460.942988 778806.334246 -4268538.664820 2419435.060171 -1074959.095552 475202.431430 -225373.301799 188634.383968 -121563.811666 106099.147947 -28409.662187 9055.505184 -36856.388835 22947.884953 31209.508940 -6484.590226 1104.106108 -4770.387507 17507.612425 -8316.680732
205963.211027 -308610.947069 -179246.297915 202709.304883 135603.222230 595145.729419 841683.875840 -347917.707139 -1219753.834646 -454757.587066 2121085.502033 -1074959.095552 1026402.398026 -647330.255144 440979.727797 -239337.216401 97109.135092 -11558.674310 -4876.726087 31204.687731 -10434.513749 11886.241362 136.806785 2210.482214 4300.489669 3719.182579 -7188.088550 1755.259037
-7190.906609 168152.036834 503604.000668 -102264.269851 -38888.674912 -85630.592127 -462409.287247 275878.547172 275472.973400 295512.018362 -726405.166204 475202.431430 -647330.255144 885732.800426 -627377.438839 351518.057598 -141647.128043 45085.138886 22050.354718 -39910.046068 34980.339751 -31050.817670 11451.877708 986.021989 -1647.011067 -5030.187543 4808.357110 6946.259635
-3493.635047 -144924.953169 -488083.547783 41123.570647 19633.124068 -84638.865947 320630.055115 -129360.835276 48984.849663 -237384.233592 330663.623233 -225373.301799 440979.727797 -627377.438839 572979.436697 -384871.668178 262170.731805 -126291.829162 9661.894748 29967.559746 -34004.189107 38276.759062 -14941.683118 -946.767448 3639.156867 2556.108943 -8624.214574 -1961.790135
-102002.365407 225809.075014 198804.995855 -75994.843660 -506.277114 -47887.432755 -523044.739143 99179.124580 163097.491427 179894.750300 -256637.667230 188634.383968 -239337.216401 351518.057598 -384871.668178 539813.471834 -592868.111364 346210.198288 -32592.313970 -35861.728065 46853.350745 -41493.383766 36770.514067 -349.257662 -1073.674070 -2202.377170 16286.251796 -4348.100541
251784.159952 -286194.554139 158610.580670 209478.631998 15284.131193 279821.943198 664646.360380 -5313.101361 -224223.099715 -153472.835611 219925.618102 -121563.811666 97109.135092 -141647.128043 262170.731805 -592868.111364 903238.535959 -575838.627550 140301.427026 -20582.645462 -19290.935779 37743.710369 -45418.823817 1877.476033 -1321.593388 1714.105670 -20284.952416 10462.190338
-256058.152155 237128.259668 -580840.322410 -528870.964250 46510.057746 -844894.626884 -803179.945893 -13663.900967 134027.584601 92004.725891 -199045.446198 106099.147947 -11558.674310 45085.138886 -126291.829162 346210.198288 -575838.627550 787887.117173 -636334.375468 442323.245946 -218953.503877 94873.110810 -12329.102612 1361.024613 1098.725179 359.183420 -4986.193795 -1818.362532
236816.364608 -116305.507814 777797.069067 742155.610206 -95572.483281 1214270.347893 805289.915875 54057.238721 160692.039531 -70864.818916 197797.212725 -28409.662187 -4876.726087 22050.354718 9661.894748 -32592.313970 140301.427026 -636334.375468 1028907.520142 -783095.679111 453441.643136 -251703.576966 111264.409156 -4410.528513 8129.939297 -2735.043154 29129.072189 -7832.210902
-114348.050922 64864.105954 -566991.477550 -482114.807238 221.018583 -908242.460308 -530203.036689 -30556.227763 -323145.167436 88928.124231 -111726.958800 9055.505184 31204.687731 -39910.046068 29967.559746 -35861.728065 -20582.645462 442323.245946 -783095.679111 766443.339352 -532187.372052 393004.904712 -204427.777071 13471.171610 -10018.366301 2971.091035 -30484.224211 5621.714237
30778.296387 -14681.575320 266356.494216 209867.863822 81620.365545 603001.597018 347058.386875 -4852.437418 291657.130772 -143789.376770 159361.402143 -36856.388835 -10434.513749 34980.339751 -34004.189107 46853.350745 -19290.935779 -218953.503877 453441.643136 -532187.372052 609512.270727 -561196.433278 326993.240910 -21874.652291 6690.558810 -2841.828476 23196.943296 -2058.264161
88249.366335 6054.893205 -58237.739970 57676.869287 -168446.656733 -295965.614667 -234921.035378 87057.958517 -391243.881961 176726.717699 -117730.592093 22947.884953 11886.241362 -31050.817670 38276.759062 -41493.383766 37743.710369 94873.110810 -251703.576966 393004.904712 -561196.433278 781440.675688 -503274.249825 42958.175538 -11626.461451 2920.792383 -18886.201233 982.612677
-118972.330423 -5018.481350 -134793.878122 -143547.512634 85455.899894 -23542.295481 -18024.806452 -71729.454792 375993.624241 -82561.928660 17198.853651 31209.508940 136.806785 11451.877708 -14941.683118 36770.514067 -45418.823817 -12329.102612 111264.409156 -204427.777071 326993.240910 -503274.249825 493710.274641 -51224.853023 18590.519787 -2856.555828 13142.739069 -2013.296996
26778.841013 702.510523 20226.735842 43876.983612 -13652.182648 20013.033858 12767.261142 6014.529362 -29582.906515 1863.851774 16471.176666 -6484.590226 2210.482214 986.021989 -946.767448 -349.257662 1877.476033 1361.024613 -4410.528513 13471.171610 -21874.652291 42958.175538 -51224.853023 22013.262502 -7725.072441 933.550836 -2071.053500 962.630093
-2295.963297 -16150.065860 19818.458361 11400.438217 -9121.473636 72613.194465 74325.855996 3630.694194 -5270.743494 -19195.747624 2940.298980 1104.106108 4300.489669 -1647.011067 3639.156867 -1073.674070 -1321.593388 1098.725179 8129.939297 -10018.366301 6690.558810 -11626.461451 18590.519787 -7725.072441 60168.506664 -11052.709937 10632.762055 -375.000890
3767.027018 -4275.787490 3259.737589 1711.304732 -4369.668857 13823.058795 17639.551289 2410.661231 -41953.027818 9133.344591 87.588084 -4770.387507 3719.182579 -5030.187543 2556.108943 -2202.377170 1714.105670 359.183420 -2735.043154 2971.091035 -2841.828476 2920.792383 -2856.555828 933.550836 -11052.709937 13769.167464 -16958.085550 537.627248
-80203.516586 14750.661595 -30580.367433 -56987.307163 25917.961674 -75719.388778 -189237.859467 -70343.117682 172293.833388 -12142.960643 -35591.730628 17507.612425 -7188.088550 4808.357110 -8624.214574 16286.251796 -20284.952416 -4986.193795 29129.072189 -30484.224211 23196.943296 -18886.201233 13142.739069 -2071.053500 10632.762055 -16958.085550 141536.406990 -25447.129823
48336.477029 12296.108693 62134.086571 35620.370365 2417.197728 89496.172975 107976.332059 -9564.352143 -19972.236808 17723.713766 23218.557727 -8316.680732 1755.259037 6946.259635 -1961.790135 -4348.100541 10462.190338 -1818.362532 -7832.210902 5621.714237 -2058.264161 982.612677 -2013.296996 962.630093 -375.000890 537.627248 -25447.129823 29335.299991
