2450270.864690 413083.429738 2012250.872857 -2126597.602922 1537467.463877 202938.372398 -89945.606558 -402123.651182 354794.794827 435040.733323 -204362.493698 77200.069347 -13881.728784 13333.533121 2335.969294 27620.062586 -22568.839764 63695.571465 -29479.274878 34382.359644 -7278.960211 21586.813740 4141.205382 10684.780258 13293.790529 7107.388586 4507.264440 5533.596213
413083.429738 3234700.169818 449143.530533 3111801.992953 45595.100703 157851.139178 352720.531395 -557329.678648 745517.017913 7228.393575 5096.817920 44268.105976 16308.499725 -11914.688414 53506.545174 -49760.557601 76547.226148 -51518.477732 74369.989343 -36143.632222 26332.276299 4813.762999 5890.395975 10960.233035 9134.029606 3211.076654 3389.568659 3874.564392
2012250.872857 449143.530533 21919282.396219 12969356.367304 9632368.648296 -651254.977835 762270.004962 -896263.404154 991604.197889 398751.779903 -42966.567779 199124.777891 -20582.686844 44989.388548 63937.134009 38502.380302 69027.218929 -33786.620482 138267.349985 -94037.980494 125083.355273 -17381.334680 73123.364246 27594.952954 28653.429361 20810.796798 10359.595144 12046.785756
-2126597.602922 3111801.992953 12969356.367304 27987251.619179 3953475.433166 -1047511.378895 -466789.255586 2330368.906761 -3216353.405494 -161102.955792 224594.504798 109997.709046 -141108.566344 148243.656526 -104262.011390 161396.549262 -158572.194918 120096.431282 -31343.993869 -21801.224315 36646.941611 -9398.975602 13187.529241 9851.016054 -3799.968687 -5048.463302 -6182.988019 1726.264660
1537467.463877 45595.100703 9632368.648296 3953475.433166 8018682.526580 -512313.177908 1134159.025063 -1501455.451525 1155290.993901 768601.601213 -291545.681886 130860.555919 -16791.926564 43950.611888 -10291.557546 74479.428765 -7493.271937 27331.881879 36126.237780 -27387.277287 53231.867261 -8824.881534 27361.979713 18902.470535 14383.757857 11508.981275 5579.967743 8579.619755
202938.372398 157851.139178 -651254.977835 -1047511.378895 -512313.177908 1275972.694325 -935119.144066 -537824.090604 803859.451690 -21167.712133 144.100767 11967.450997 17443.105176 8167.650512 -1591.243143 8421.008274 -6897.960334 28641.799862 -4566.671971 14624.462623 -4100.278234 6656.351763 6001.370039 4131.667480 6986.784148 2471.976147 2340.818863 2973.313528
-89945.606558 352720.531395 762270.004962 -466789.255586 1134159.025063 -935119.144066 3376166.730503 -2238854.100590 1556418.644388 840976.132688 -316506.552993 57712.349940 -20924.306017 19776.010137 -9585.312283 16760.517904 -9547.225630 16542.411358 -15752.475825 5567.109525 -3083.011316 1565.412740 764.897223 1111.820188 -4166.144321 -526.919302 -2933.772660 -2534.837252
-402123.651182 -557329.678648 -896263.404154 2330368.906761 -1501455.451525 -537824.090604 -2238854.100590 4194533.067855 -3654271.380907 -1209629.606223 509490.154080 -26432.889497 44369.922928 -764.773772 26161.977520 -9634.998765 20714.821703 -14010.189654 23529.497176 9930.358599 5809.416165 11829.477183 8090.465611 2736.798814 450.816850 743.152939 3356.801897 854.580803
354794.794827 745517.017913 991604.197889 -3216353.405494 1155290.993901 803859.451690 1556418.644388 -3654271.380907 9117009.836466 -3501583.453567 1000446.064719 -146781.425971 70879.130950 -11085.446246 -19168.970317 29233.092290 -53099.021083 69404.406609 -53363.731191 57269.899276 -52900.984010 9620.799632 -25739.713982 2378.871152 5.904231 -2555.198712 -4077.513067 -1391.838070
435040.733323 7228.393575 398751.779903 -161102.955792 768601.601213 -21167.712133 840976.132688 -1209629.606223 -3501583.453567 5088941.819161 -1741520.506819 247152.503739 -82144.647267 41354.187957 -14201.202406 21635.282361 27186.831476 -13118.442666 44434.745760 -56750.522997 64388.953555 -8655.777328 32618.199821 7304.523752 7547.622590 7469.163284 4452.202931 4185.002103
-204362.493698 5096.817920 -42966.567779 224594.504798 -291545.681886 144.100767 -316506.552993 509490.154080 1000446.064719 -1741520.506819 997644.813694 -116225.381935 82512.200877 -17775.997700 28156.310761 -10257.556548 21515.600274 788.695613 10323.848646 21367.437660 -9369.845768 13011.001997 343.471171 5457.663041 2335.175171 1328.411227 661.400527 652.737506
77200.069347 44268.105976 199124.777891 109997.709046 130860.555919 11967.450997 57712.349940 -26432.889497 -146781.425971 247152.503739 -116225.381935 206572.749730 -55545.816604 48151.501356 -15403.652379 29902.300306 -9818.370176 28463.683678 -315.040178 12752.172882 5181.168444 9698.656618 11146.362001 5968.814693 3464.765423 2563.927791 1858.683195 1582.214063
-13881.728784 16308.499725 -20582.686844 -141108.566344 -16791.926564 17443.105176 -20924.306017 44369.922928 70879.130950 -82144.647267 82512.200877 -55545.816604 201365.719560 -92396.032058 69165.100194 -43657.668453 61478.157840 -37162.944338 41999.926004 -11748.953493 17521.816543 4829.178155 9910.960219 6247.926660 4357.136154 3580.178950 2441.496875 1804.151659
13333.533121 -11914.688414 44989.388548 148243.656526 43950.611888 8167.650512 19776.010137 -764.773772 -11085.446246 41354.187957 -17775.997700 48151.501356 -92396.032058 131644.219664 -78335.305410 69557.593639 -63524.343994 69003.377158 -40194.597730 29932.630837 -11754.116943 9823.578608 712.319074 3195.463545 1598.339447 1042.404696 879.887066 861.536438
2335.969294 53506.545174 63937.134009 -104262.011390 -10291.557546 -1591.243143 -9585.312283 26161.977520 -19168.970317 -14201.202406 28156.310761 -15403.652379 69165.100194 -78335.305410 101450.633631 -78868.037539 83045.263403 -73423.056080 54939.348347 -27800.964617 20482.801797 -3289.175562 7981.987830 2252.534814 1756.869693 1456.575252 864.793551 781.680653
27620.062586 -49760.557601 38502.380302 161396.549262 74479.428765 8421.008274 16760.517904 -9634.998765 29233.092290 21635.282361 -10257.556548 29902.300306 -43657.668453 69557.593639 -78868.037539 120180.911863 -119549.960110 117534.977130 -71466.470084 51149.235968 -23748.755992 16563.529871 -2436.328457 4031.736256 2059.668289 1880.308178 1323.892633 935.054054
-22568.839764 76547.226148 69027.218929 -158572.194918 -7493.271937 -6897.960334 -9547.225630 20714.821703 -53099.021083 27186.831476 21515.600274 -9818.370176 61478.157840 -63524.343994 83045.263403 -119549.960110 206654.759110 -189924.748905 137223.886655 -80114.514633 52796.518707 -16481.203318 18198.418083 2644.757456 2876.758931 1926.405721 967.324035 1366.326595
63695.571465 -51518.477732 -33786.620482 120096.431282 27331.881879 28641.799862 16542.411358 -14010.189654 69404.406609 -13118.442666 788.695613 28463.683678 -37162.944338 69003.377158 -73423.056080 117534.977130 -189924.748905 247825.524876 -159073.220926 108529.810189 -55289.380535 31533.544020 -6958.312346 5180.144924 2461.684936 2314.122051 2060.897393 890.565257
-29479.274878 74369.989343 138267.349985 -31343.993869 36126.237780 -4566.671971 -15752.475825 23529.497176 -53363.731191 44434.745760 10323.848646 -315.040178 41999.926004 -40194.597730 54939.348347 -71466.470084 137223.886655 -159073.220926 158439.038475 -105552.115045 66883.093327 -18701.831982 17225.910534 3373.615725 2704.067431 2214.530324 1125.472685 1530.272089
34382.359644 -36143.632222 -94037.980494 -21801.224315 -27387.277287 14624.462623 5567.109525 9930.358599 57269.899276 -56750.522997 21367.437660 12752.172882 -11748.953493 29932.630837 -27800.964617 51149.235968 -80114.514633 108529.810189 -105552.115045 116526.557449 -61253.304845 26216.141455 -5871.589874 3627.277095 2298.134791 1695.896530 1493.052467 874.559872
-7278.960211 26332.276299 125083.355273 36646.941611 53231.867261 -4100.278234 -3083.011316 5809.416165 -52900.984010 64388.953555 -9369.845768 5181.168444 17521.816543 -11754.116943 20482.801797 -23748.755992 52796.518707 -55289.380535 66883.093327 -61253.304845 56854.468606 -13921.352133 14101.249991 3510.327145 2339.725148 2250.094893 1251.900766 1129.780753
21586.813740 4813.762999 -17381.334680 -9398.975602 -8824.881534 6656.351763 1565.412740 11829.477183 9620.799632 -8655.777328 13011.001997 9698.656618 4829.178155 9823.578608 -3289.175562 16563.529871 -16481.203318 31533.544020 -18701.831982 26216.141455 -13921.352133 34531.802913 -9489.306006 5549.674495 3397.280162 2616.092619 1981.236585 1677.931861
4141.205382 5890.395975 73123.364246 13187.529241 27361.979713 6001.370039 764.897223 8090.465611 -25739.713982 32618.199821 343.471171 11146.362001 9910.960219 712.319074 7981.987830 -2436.328457 18198.418083 -6958.312346 17225.910534 -5871.589874 14101.249991 -9489.306006 38090.608291 2919.473671 3727.736088 2877.570819 2054.811635 1515.734930
10684.780258 10960.233035 27594.952954 9851.016054 18902.470535 4131.667480 1111.820188 2736.798814 2378.871152 7304.523752 5457.663041 5968.814693 6247.926660 3195.463545 2252.534814 4031.736256 2644.757456 5180.144924 3373.615725 3627.277095 3510.327145 5549.674495 2919.473671 5368.992110 2449.685892 2221.694322 1513.906940 1348.875438
13293.790529 9134.029606 28653.429361 -3799.968687 14383.757857 6986.784148 -4166.144321 450.816850 5.904231 7547.622590 2335.175171 3464.765423 4357.136154 1598.339447 1756.869693 2059.668289 2876.758931 2461.684936 2704.067431 2298.134791 2339.725148 3397.280162 3727.736088 2449.685892 4364.396177 1608.130061 1238.013982 1059.407639
7107.388586 3211.076654 20810.796798 -5048.463302 11508.981275 2471.976147 -526.919302 743.152939 -2555.198712 7469.163284 1328.411227 2563.927791 3580.178950 1042.404696 1456.575252 1880.308178 1926.405721 2314.122051 2214.530324 1695.896530 2250.094893 2616.092619 2877.570819 2221.694322 1608.130061 2022.673200 1070.064346 1016.792009
4507.264440 3389.568659 10359.595144 -6182.988019 5579.967743 2340.818863 -2933.772660 3356.801897 -4077.513067 4452.202931 661.400527 1858.683195 2441.496875 879.887066 864.793551 1323.892633 967.324035 2060.897393 1125.472685 1493.052467 1251.900766 1981.236585 2054.811635 1513.906940 1238.013982 1070.064346 2451.299112 645.630502
5533.596213 3874.564392 12046.785756 1726.264660 8579.619755 2973.313528 -2534.837252 854.580803 -1391.838070 4185.002103 652.737506 1582.214063 1804.151659 861.536438 781.680653 935.054054 1366.326595 890.565257 1530.272089 874.559872 1129.780753 1677.931861 1515.734930 1348.875438 1059.407639 1016.792009 645.630502 1416.446241
